 -4.02 0.9 0.003494645 -0.9999939
 -4.02 0.9 0.003494645 -0.9999939
 -4.02 0.9 0.003494645 -0.9999939
 -4.02 0.9 0.003494645 -0.9999939
 -4.02 0.9 0.003494645 -0.9999939
 -4.02 0.9 0.003494645 -0.9999939
 -4.02 0.9 0.003494645 -0.9999939
 -4.02 0.9 0.003494645 -0.9999939
 -4.02 0.9 0.003494645 -0.9999939
 -4.02 0.9 0.003494645 -0.9999939
 -4.02 0.9 0.003494645 -0.9999939
 -4.02 0.9 0.003494645 -0.9999939
 -4.02 0.9 0.003494645 -0.9999939
 -4.02 0.9 0.003494645 -0.9999939
 -4.02 0.9 0.003494645 -0.9999939
 -4.02 0.9 0.003494645 -0.9999939
 -4.02 0.9 0.003494645 -0.9999939
 -4.02 0.9 0.003494645 -0.9999939
 -4.02 0.9 0.003494645 -0.9999939
W -4.020419 0.9599985 0.003494645 -0.9999939
W -4.020838 1.019997 0.003494645 -0.9999939
W -4.021572 1.079993 0.00611245 -0.9999813
W -4.024189 1.139935 0.0218192 -0.9997619
W -4.030045 1.199649 0.04885436 -0.9988059
W -4.039948 1.258826 0.08281264 -0.9965652
W -4.054363 1.317069 0.1210076 -0.9926516
W -4.072904 1.374132 0.1564389 -0.9876876
W -4.0947 1.430033 0.1848139 -0.9827735
W -4.119296 1.48476 0.2096233 -0.9777822
W -4.146082 1.522764 0.2317526 -0.9727747
W -4.174946 1.524551 0.2562945 -0.9665987
W -4.206882 1.526383 0.2848574 -0.9585699
W -4.242468 1.529029 0.3197918 -0.9474878
W -4.282231 1.532759 0.3616299 -0.9323218
W -4.32621 1.537394 0.4067418 -0.9135432
W -4.373453 1.54163 0.4446401 -0.8957093
W -4.40846 1.535601 0.4954638 -0.8686286
W -4.452035 1.528001 0.5358319 -0.8443246
W -4.505097 1.527449 0.5735815 -0.8191485
W -4.563026 1.535711 0.6080737 -0.7938806
W -4.621779 1.540328 0.6313577 -0.7754917
W -4.681196 1.545417 0.6560637 -0.7547056
W -4.740994 1.549996 0.6775227 -0.7355019
W -4.800968 1.551775 0.696544 -0.7175142
W -4.860963 1.551041 0.7114176 -0.7027695
W -4.920887 1.548005 0.7247779 -0.6889825
W -4.9806 1.542149 0.7408088 -0.6717159
W -5.039956 1.533383 0.7569993 -0.6534157
W -5.098854 1.521934 0.7716287 -0.6360734
W -5.157268 1.508232 0.7836973 -0.6211429
W -5.215114 1.492298 0.7954774 -0.6059833
W -5.272399 1.474455 0.8054153 -0.5927109
W -5.329164 1.455019 0.8136123 -0.5814077
W -5.385509 1.434399 0.8196563 -0.5728556
W -5.441486 1.412798 0.8246244 -0.5656807
W -5.497195 1.390515 0.8280646 -0.5606327
W -5.552547 1.36736 0.8324422 -0.5541119
W -5.607654 1.343626 0.8353321 -0.5497457
W -5.662593 1.319509 0.8372459 -0.5468267
W -5.717405 1.295104 0.8386745 -0.544633
W -5.772132 1.270508 0.8396238 -0.5431683
W -5.826686 1.24553 0.8415149 -0.540234
W -5.88102 1.220077 0.8438642 -0.5365568
W -5.93522 1.19434 0.845266 -0.5343457
W -5.989238 1.168225 0.8471262 -0.5313917
W -6.043073 1.141734 0.848976 -0.5284314
W -6.096816 1.115055 0.8498971 -0.5269488
W -6.150511 1.088282 0.8503566 -0.5262069
W -6.20416 1.061416 0.8508157 -0.5254643
W -6.257715 1.034362 0.8517315 -0.5239784
W -6.311222 1.007215 0.8521885 -0.523235
W -6.364729 0.9800683 0.8521885 -0.523235
W -6.418237 0.9529213 0.8521885 -0.523235
W -6.471744 0.9257743 0.8521885 -0.523235
W -6.525251 0.8986273 0.8521885 -0.523235
W -6.578759 0.8714803 0.8521885 -0.523235
W -6.632266 0.8443333 0.8521885 -0.523235
W -6.685773 0.8171863 0.8521885 -0.523235
W -6.739281 0.7900393 0.8521885 -0.523235
W -6.792788 0.7628923 0.8521885 -0.523235
W -6.846295 0.7357453 0.8521885 -0.523235
W -6.899803 0.7085983 0.8521885 -0.523235
W -6.95331 0.6814513 0.8521885 -0.523235
W -7.006817 0.6543043 0.8521885 -0.523235
W -7.060325 0.6271573 0.8521885 -0.523235
W -7.113832 0.6000103 0.8521885 -0.523235
W -7.167339 0.5728633 0.8521885 -0.523235
W -7.220941 0.5459033 0.851274 -0.5247214
W -7.274776 0.5194119 0.8489765 -0.5284306
W -7.328976 0.4936748 0.8452668 -0.5343445
W -7.383573 0.4687922 0.8410439 -0.5409669
W -7.438596 0.4448663 0.8362913 -0.5482854
W -7.493867 0.4215178 0.8334091 -0.5526567
W -7.549299 0.3985557 0.831475 -0.5555623
W -7.60493 0.3760782 0.8290431 -0.5591847
W -7.660793 0.3541845 0.826104 -0.5635176
W -7.716919 0.3329749 0.8226464 -0.5685534
W -7.773228 0.3122558 0.8201579 -0.5721372
W -7.829751 0.2921274 0.8171512 -0.5764234
W -7.886413 0.2723942 0.8151343 -0.5792722
W -7.943144 0.2528588 0.814122 -0.5806938
W -7.999976 0.2336207 0.8125992 -0.5828229
W -8.056909 0.2146804 0.8110707 -0.5849481
W -8.113972 0.196138 0.8090239 -0.5877758
W -8.171257 0.1782942 0.8054186 -0.5927065
W -8.228726 0.1610512 0.802304 -0.5969157
W -8.28643 0.1446122 0.7981172 -0.6025022
W -8.344413 0.1291829 0.7928289 -0.6094443
W -8.402705 0.1149713 0.7864035 -0.6177133
W -8.461283 0.1019835 0.7798921 -0.6259139
W -8.519949 0.08940493 0.7777024 -0.6286327
W -8.578659 0.07703128 0.7766039 -0.6299891
W -8.637391 0.06476011 0.776054 -0.6306666
W -8.696144 0.05259147 0.7755033 -0.6313435
W -8.754918 0.04052539 0.7749521 -0.63202
W -8.813692 0.0284593 0.7749521 -0.63202
W -8.872508 0.01659844 0.7738479 -0.6333715
W -8.931425 0.005251307 0.7710768 -0.6367422
W -8.990513 -0.00516896 0.7660519 -0.6427787
W -9.04979 -0.01445301 0.7598467 -0.6501023
W -9.109221 -0.02270111 0.7541447 -0.6567083
W -9.168773 -0.03001474 0.7489639 -0.6626109
W -9.22841 -0.03660031 0.7449025 -0.6671733
W -9.288081 -0.04287363 0.7431539 -0.6691206
W -9.347753 -0.04914695 0.7431539 -0.6691206
W -9.407434 -0.05531612 0.7425697 -0.6697688
W -9.467127 -0.0613811 0.7419848 -0.6704167
W -9.526851 -0.06713349 0.7402274 -0.6723566
W -9.586575 -0.07288589 0.7402274 -0.6723566
W -9.646298 -0.07863828 0.7402274 -0.6723566
W -9.706022 -0.08439067 0.7402274 -0.6723566
W -9.765746 -0.09014306 0.7402274 -0.6723566
W -9.82547 -0.09589545 0.7402274 -0.6723566
W -9.885194 -0.1016478 0.7402274 -0.6723566
W -9.944918 -0.1074002 0.7402274 -0.6723566
W -10.00464 -0.1131526 0.7402274 -0.6723566
W -10.06437 -0.118905 0.7402274 -0.6723566
W -10.12409 -0.1246574 0.7402274 -0.6723566
W -10.18381 -0.1304098 0.7402274 -0.6723566
W -10.24354 -0.1361622 0.7402274 -0.6723566
W -10.30326 -0.1419146 0.7402274 -0.6723566
W -10.36298 -0.147667 0.7402274 -0.6723566
W -10.42271 -0.1534194 0.7402274 -0.6723566
W -10.48243 -0.1591718 0.7402274 -0.6723566
W -10.54216 -0.1649242 0.7402274 -0.6723566
W -10.60189 -0.1705724 0.7396404 -0.6730023
W -10.66162 -0.1762205 0.7396404 -0.6730023
W -10.72135 -0.1819729 0.7402274 -0.6723566
W -10.78107 -0.1877253 0.7402274 -0.6723566
W -10.84079 -0.1934777 0.7402274 -0.6723566
W -10.90052 -0.1992301 0.7402274 -0.6723566
W -10.96024 -0.2049825 0.7402274 -0.6723566
W -11.01997 -0.2107349 0.7402274 -0.6723566
W -11.07969 -0.2164873 0.7402274 -0.6723566
W -11.13943 -0.2220312 0.7390527 -0.6736476
W -11.19921 -0.2271579 0.7366969 -0.6762232
W -11.25905 -0.2315538 0.7325525 -0.6807107
W -11.31895 -0.2351139 0.7277822 -0.6858084
W -11.37887 -0.2381511 0.7247828 -0.6889774
W -11.43882 -0.2405606 0.7211654 -0.692763
W -11.49879 -0.2423422 0.7175284 -0.6965293
W -11.55878 -0.2437052 0.7150927 -0.6990297
W -11.61877 -0.2449634 0.7144824 -0.6996534
W -11.67875 -0.2461169 0.7138716 -0.7002766
W -11.73874 -0.2472704 0.7138716 -0.7002766
W -11.79873 -0.2484239 0.7138716 -0.7002766
W -11.85872 -0.2495775 0.7138716 -0.7002766
W -11.91871 -0.250731 0.7138716 -0.7002766
W -11.9787 -0.2518845 0.7138716 -0.7002766
W -12.03869 -0.253038 0.7138716 -0.7002766
W -12.09868 -0.2541916 0.7138716 -0.7002766
W -12.15867 -0.2553451 0.7138716 -0.7002766
W -12.21866 -0.2564986 0.7138716 -0.7002766
W -12.27864 -0.2576522 0.7138716 -0.7002766
W -12.33863 -0.2588057 0.7138716 -0.7002766
W -12.39862 -0.2599592 0.7138716 -0.7002766
W -12.45861 -0.2611127 0.7138716 -0.7002766
W -12.5186 -0.2622663 0.7138716 -0.7002766
W -12.5786 -0.2627915 0.7101951 -0.7040049
W -12.6386 -0.2626885 0.7064993 -0.7077138
W -12.6986 -0.2622712 0.7046438 -0.7095612
W -12.75859 -0.261854 0.7046438 -0.7095612
W -12.81859 -0.2614368 0.7046438 -0.7095612
W -12.87859 -0.2610195 0.7046438 -0.7095612
W -12.93859 -0.2606023 0.7046438 -0.7095612
W -12.99859 -0.2601851 0.7046438 -0.7095612
W -13.05859 -0.2597678 0.7046438 -0.7095612
W -13.11859 -0.2593506 0.7046438 -0.7095612
W -13.17858 -0.2589334 0.7046438 -0.7095612
W -13.23858 -0.2585161 0.7046438 -0.7095612
W -13.29858 -0.2577848 0.7027839 -0.7114034
W -13.35856 -0.2563204 0.698425 -0.7156832
W -13.41851 -0.2539141 0.6927824 -0.7211467
W -13.47842 -0.2505664 0.6870971 -0.7265657
W -13.53827 -0.2462782 0.6813695 -0.7319396
W -13.59801 -0.2407375 0.6736676 -0.7390346
W -13.65762 -0.233947 0.6658921 -0.7460481
W -13.71704 -0.2255982 0.6560696 -0.7547004
W -13.7762 -0.2155938 0.6454683 -0.7637871
W -13.83498 -0.2035308 0.6320407 -0.7749352
W -13.89334 -0.1896277 0.6197909 -0.784767
W -13.95122 -0.1737971 0.6066942 -0.7949353
W -14.00853 -0.1560563 0.5934312 -0.8048847
W -14.06523 -0.136425 0.5800052 -0.8146129
W -14.12125 -0.1149247 0.5664191 -0.8241174
W -14.17664 -0.09186871 0.5548573 -0.8319455
W -14.23128 -0.06708414 0.5417212 -0.8405582
W -14.28507 -0.04050154 0.5277104 -0.8494243
W -14.338 -0.01224249 0.5143033 -0.8576083
W -14.38996 0.01775589 0.5000135 -0.8660176
W -14.44101 0.04928256 0.4871117 -0.8733397
W -14.49105 0.08239718 0.4733337 -0.8808832
W -14.54044 0.1164663 0.4648558 -0.8853864
W -14.58922 0.1513921 0.4571118 -0.8894092
W -14.63733 0.1872482 0.4485528 -0.8937563
W -14.68455 0.2242688 0.4376006 -0.8991694
W -14.73071 0.2625934 0.4250037 -0.9051917
W -14.77558 0.3024276 0.4099374 -0.9121137
W -14.81882 0.3440304 0.3915487 -0.9201574
W -14.86027 0.3874071 0.3721928 -0.9281554
W -14.89987 0.4324816 0.3526741 -0.9357462
W -14.93731 0.4793715 0.3305302 -0.9437954
W -14.97283 0.5277261 0.311522 -0.9502389
W -15.00638 0.5774671 0.292388 -0.9562998
W -15.03791 0.6285147 0.2731363 -0.9619753
W -15.06755 0.6806834 0.2554626 -0.9668189
W -15.09554 0.7337573 0.2402448 -0.9707124
W -15.12203 0.7875918 0.2266682 -0.973972
W -15.14701 0.8421451 0.2130477 -0.9770418
W -15.17045 0.8973745 0.1993854 -0.9799212
W -15.19206 0.953351 0.1831111 -0.9830922
W -15.2111 1.01025 0.1607602 -0.9869935
W -15.22713 1.068067 0.134869 -0.9908634
W -15.23992 1.126689 0.1071499 -0.9942429
W -15.24899 1.185998 0.07586708 -0.9971179
W -15.25402 1.245788 0.04189448 -0.9991221
W -15.25528 1.305775 0.01049085 -0.999945
W -15.25308 1.365734 0.01830574 0.9998325
W -15.24848 1.425558 0.03836862 0.9992636
_W -15.24848 1.425558 0.05144529 0.9986758
_W -15.24848 1.425558 0.05667362 0.9983928
_W -15.24848 1.425558 0.05754486 0.9983429
_W -15.24848 1.425558 0.05841605 0.9982923
_W -15.24848 1.425558 0.06102937 0.998136
_W -15.24848 1.425558 0.06190039 0.9980823
_W -15.24848 1.425558 0.06277137 0.998028
_W -15.24848 1.425558 0.06364228 0.9979728
_W -15.24848 1.425558 0.06364228 0.9979728
_W -15.24848 1.425558 0.06364228 0.9979728
_W -15.24848 1.425558 0.06364228 0.9979728
_W -15.24848 1.425558 0.06451315 0.9979169
_W -15.24848 1.425558 0.06451315 0.9979169
_W -15.24848 1.425558 0.06451315 0.9979169
_W -15.24848 1.425558 0.06451315 0.9979169
E -15.24848 1.425558 0.06451315 0.9979169
E -15.24848 1.425558 0.06451315 0.9979169
E -15.24848 1.425558 0.06451315 0.9979169
E -15.24848 1.425558 0.06451315 0.9979169
E -15.24848 1.425558 0.06451315 0.9979169
E -15.24848 1.425558 0.06451315 0.9979169
E -15.24848 1.425558 0.06451315 0.9979169
E -15.24848 1.425558 0.06451315 0.9979169
E -15.24848 1.425558 0.06451315 0.9979169
E -15.24848 1.425558 0.06451315 0.9979169
E -15.24848 1.425558 0.06451315 0.9979169
E -15.24848 1.425558 0.06451315 0.9979169
E -15.24848 1.425558 0.06451315 0.9979169
E -15.24848 1.425558 0.06451315 0.9979169
E -15.24848 1.425558 0.06451315 0.9979169
E -15.24848 1.425558 0.06451315 0.9979169
E -15.24848 1.425558 0.06451315 0.9979169
E -15.24848 1.425558 0.06451315 0.9979169
E -15.24848 1.425558 0.06451315 0.9979169
E -15.24848 1.425558 0.06451315 0.9979169
E -15.24848 1.425558 0.06451315 0.9979169
E -15.24848 1.425558 0.06451315 0.9979169
E -15.24848 1.425558 0.06451315 0.9979169
E -15.24848 1.425558 0.06451315 0.9979169
E -15.24848 1.425558 0.06451315 0.9979169
E -15.24848 1.425558 0.06451315 0.9979169
E -15.24848 1.425558 0.06451315 0.9979169
E -15.24848 1.425558 0.06451315 0.9979169
E -15.24848 1.425558 0.06451315 0.9979169
E -15.24848 1.425558 0.06451315 0.9979169
_E -15.24848 1.425558 0.06451315 0.9979169
_E -15.24848 1.425558 0.06451315 0.9979169
_E -15.24848 1.425558 0.06451315 0.9979169
_E -15.24848 1.425558 0.06538398 0.9978602
_E -15.24848 1.425558 0.06712547 0.9977446
_E -15.24848 1.425558 0.06973734 0.9975654
_E -15.24848 1.425558 0.07408938 0.9972516
_E -15.24848 1.425558 0.07844 0.9969189
_E -15.24848 1.425558 0.08191942 0.996639
_E -15.24848 1.425558 0.08365876 0.9964945
_E -15.24848 1.425558 0.08365876 0.9964945
_E -15.24848 1.425558 0.08365876 0.9964945
_E -15.24848 1.425558 0.08365876 0.9964945
_E -15.24848 1.425558 0.08365876 0.9964945
_E -15.24848 1.425558 0.08365876 0.9964945
_E -15.24848 1.425558 0.08278913 0.9965671
W -15.23858 1.484735 0.08278913 0.9965671
W -15.22878 1.54393 0.08191942 0.996639
W -15.21898 1.603125 0.08191938 0.996639
W -15.20919 1.662319 0.08191938 0.996639
W -15.1996 1.721548 0.08017981 0.9967805
W -15.19011 1.780793 0.07930994 0.99685
W -15.18093 1.840087 0.07669992 0.9970542
W -15.17238 1.899474 0.07147835 0.9974422
W -15.16465 1.958975 0.0645132 0.9979169
W -15.15796 2.018601 0.05580239 0.9984418
W -15.1519 2.078294 0.05057383 0.9987203
W -15.14647 2.138047 0.04534388 0.9989715
W -15.14134 2.197828 0.04272841 0.9990867
W -15.13633 2.257618 0.04185653 0.9991236
_W -15.13633 2.257618 0.04185653 0.9991236
_W -15.13633 2.257618 0.04185653 0.9991236
_W -15.13633 2.257618 0.04185653 0.9991236
_W -15.13633 2.257618 0.04185653 0.9991236
_W -15.13633 2.257618 0.04185653 0.9991236
_W -15.13633 2.257618 0.04185653 0.9991236
_W -15.13633 2.257618 0.04185653 0.9991236
_W -15.13633 2.257618 0.04185653 0.9991236
_W -15.13633 2.257618 0.04185653 0.9991236
_W -15.13633 2.257618 0.04185653 0.9991236
_W -15.13633 2.257618 0.04185653 0.9991236
_W -15.13633 2.257618 0.04185653 0.9991236
_W -15.13633 2.257618 0.04185653 0.9991236
_W -15.13633 2.257618 0.04185653 0.9991236
_W -15.13633 2.257618 0.04185653 0.9991236
_W -15.13633 2.257618 0.04185653 0.9991236
_W -15.13633 2.257618 0.04185653 0.9991236
_W -15.13633 2.257618 0.04185653 0.9991236
_W -15.13633 2.257618 0.04185653 0.9991236
_W -15.13633 2.257618 0.04185653 0.9991236
_W -15.13633 2.257618 0.04185653 0.9991236
_W -15.13633 2.257618 0.04185653 0.9991236
_W -15.13633 2.257618 0.04185653 0.9991236
_W -15.13633 2.257618 0.04185653 0.9991236
_W -15.13633 2.257618 0.04185653 0.99912