 -15.16249 2.810624 0.9977348 0.06727077
 -15.16249 2.810624 0.9977348 0.06727077
 -15.16249 2.810624 0.9977348 0.06727077
 -15.16249 2.810624 0.9977348 0.06727077
 -15.16249 2.810624 0.9977348 0.06727077
 -15.16249 2.810624 0.9977348 0.06727077
 -15.16249 2.810624 0.9977348 0.06727077
 -15.16249 2.810624 0.9977348 0.06727077
 -15.16249 2.810624 0.9977348 0.06727077
 -15.16249 2.810624 0.9977348 0.06727077
 -15.16249 2.810624 0.9977348 0.06727077
 -15.16249 2.810624 0.9977348 0.06727077
 -15.16249 2.810624 0.9977348 0.06727077
 -15.16249 2.810624 0.9977348 0.06727077
 -15.16249 2.810624 0.9977348 0.06727077
 -15.16249 2.810624 0.9977348 0.06727077
 -15.16249 2.810624 0.9977348 0.06727077
 -15.16249 2.810624 0.9977348 0.06727077
 -15.16249 2.810624 0.9977348 0.06727077
 -15.16249 2.810624 0.9977348 0.06727077
 -15.16249 2.810624 0.9977348 0.06727077
 -15.16249 2.810624 0.9977348 0.06727077
 -15.16249 2.810624 0.9977348 0.06727077
 -15.16249 2.810624 0.9979075 0.06465852
 -15.16249 2.810624 0.9985768 0.05333379
 -15.16249 2.810624 0.9996766 0.02543099
 -15.16249 2.810624 1 0.0001264373
 -15.16249 2.810624 0.9996607 -0.02605029
 -15.16249 2.810624 0.9986362 -0.05220928
 -15.16249 2.810624 0.9970625 -0.0765925
 -15.16249 2.810624 0.9944437 -0.1052699
 -15.16249 2.810624 0.990164 -0.1399113
 -15.16249 2.810624 0.9842181 -0.1769595
 -15.16249 2.810624 0.9755625 -0.219722
 -15.16249 2.810624 0.9641293 -0.2654333
 -15.16249 2.810624 0.9486405 -0.3163561
 -15.16249 2.810624 0.9307837 -0.3655704
 -15.16249 2.810624 0.9118145 -0.4106024
 -15.16249 2.810624 0.8902712 -0.4554307
 -15.16249 2.810624 0.865653 -0.5006445
 -15.16249 2.810624 0.842051 -0.5393978
 -15.16249 2.810624 0.8222171 -0.569174
 -15.16249 2.810624 0.8044522 -0.5940174
 -15.16249 2.810624 0.7821449 -0.6230966
 -15.16249 2.810624 0.7638792 -0.6453592
 -15.16249 2.810624 0.7443978 -0.6677365
 -15.16249 2.810624 0.7224531 -0.69142
 -15.16249 2.810624 0.6966317 -0.7174289
 -15.16249 2.810624 0.6646751 -0.7471326
 -15.16249 2.810624 0.6287426 -0.7776135
 -15.16249 2.810624 0.5878899 -0.8089409
 -15.16249 2.810624 0.5454789 -0.8381245
 -15.16249 2.810624 0.4963287 -0.8681347
 -15.16249 2.810624 0.4502139 -0.8929207
 -15.16249 2.810624 0.4092453 -0.9124244
 -15.16249 2.810624 0.374727 -0.9271352
 -15.16249 2.810624 0.341322 -0.9399464
 -15.16249 2.810624 0.3091406 -0.9510164
 -15.16249 2.810624 0.285813 -0.9582855
 -15.16249 2.810624 0.2673637 -0.9635957
 -15.16249 2.810624 0.2530397 -0.9674559
 -15.16249 2.810624 0.2420486 -0.9702641
 -15.16249 2.810624 0.2327238 -0.9725429
 -15.16249 2.810624 0.219974 -0.9755057
 -15.16249 2.810624 0.2046243 -0.9788406
 -15.16249 2.810624 0.1909377 -0.9816021
 -15.16249 2.810624 0.1746369 -0.9846329
 -15.16249 2.810624 0.1625947 -0.986693
 -15.16249 2.810624 0.1531156 -0.9882083
 -15.16249 2.810624 0.1470761 -0.9891252
 -15.16249 2.810624 0.1393028 -0.9902499
 -15.16249 2.810624 0.133251 -0.9910823
 -15.16249 2.810624 0.1306559 -0.9914278
 -15.16249 2.810624 0.1289254 -0.9916543
 -15.16249 2.810624 0.1263287 -0.9919884
 -15.16249 2.810624 0.1263287 -0.9919884
 -15.16249 2.810624 0.1263287 -0.9919884
 -15.16249 2.810624 0.1263287 -0.9919884
W -15.17753 2.868709 0.1263287 -0.9919884
W -15.19257 2.926794 0.1263287 -0.9919884
W -15.2076 2.984879 0.1263287 -0.9919884
W -15.22264 3.042964 0.1263287 -0.9919884
W -15.23768 3.101048 0.1263287 -0.9919884
W -15.25272 3.159133 0.1263287 -0.9919884
W -15.26776 3.217218 0.1263287 -0.9919884
W -15.28279 3.275303 0.1263287 -0.9919884
W -15.29783 3.333388 0.1263287 -0.9919884
W -15.31287 3.391473 0.1263287 -0.9919884
W -15.32791 3.449558 0.1263287 -0.9919884
W -15.34295 3.507643 0.1263287 -0.9919884
W -15.35798 3.565728 0.1263287 -0.9919884
W -15.37302 3.623813 0.1263287 -0.9919884
W -15.38826 3.681845 0.12806 -0.9917665
W -15.4034 3.739903 0.1271943 -0.9918779
W -15.41854 3.797962 0.1271943 -0.9918779
W -15.43358 3.856047 0.1263287 -0.9919884
W -15.44811 3.914261 0.1219992 -0.9925302
W -15.46193 3.972648 0.1159341 -0.9932569
W -15.47534 4.03113 0.1124665 -0.9936556
W -15.48834 4.089705 0.1089975 -0.994042
W -15.50114 4.148324 0.1072625 -0.9942307
W -15.51383 4.206965 0.1063951 -0.9943239
W -15.52643 4.265629 0.1055274 -0.9944164
W -15.53891 4.324315 0.1046596 -0.9945081
W -15.5513 4.383022 0.1037915 -0.9945991
W -15.56369 4.44173 0.1037915 -0.9945991
W -15.57608 4.500437 0.1037915 -0.9945991
W -15.58836 4.559165 0.1029236 -0.9946893
W -15.60044 4.617937 0.1011875 -0.9948674
W -15.61232 4.67675 0.09945082 -0.9950425
W -15.62399 4.735604 0.09771387 -0.9952146
W -15.63556 4.794478 0.09684538 -0.9952995
W -15.64702 4.853373 0.09597684 -0.9953836
W -15.65838 4.912288 0.09510822 -0.9954669
W -15.66954 4.971241 0.09337052 -0.9956315
W -15.68049 5.030234 0.09163255 -0.9957929
W -15.69133 5.089245 0.09076357 -0.9958725
W -15.70208 5.148276 0.08989453 -0.9959513
W -15.71282 5.207306 0.08989453 -0.9959513
W -15.72336 5.266374 0.08815623 -0.9961067
W -15.73369 5.325477 0.08641743 -0.996259
W -15.74381 5.384617 0.08467837 -0.9964083
W -15.75373 5.443791 0.08293928 -0.9965546
W -15.76355 5.502983 0.08206964 -0.9966266
W -15.77316 5.562209 0.08032995 -0.9967684
W -15.78266 5.621451 0.07945988 -0.9968381
W -15.79206 5.68071 0.07859001 -0.996907
W -15.80126 5.740001 0.07685006 -0.9970427
W -15.81024 5.799324 0.07510964 -0.9971753
W -15.81903 5.858678 0.073369 -0.9973049
W -15.82749 5.918077 0.07075798 -0.9974936
W -15.83565 5.97752 0.06814621 -0.9976754
W -15.8436 6.036991 0.06640471 -0.9977928
W -15.85124 6.096503 0.06379242 -0.9979632
W -15.85878 6.156028 0.06292133 -0.9980185
W -15.86621 6.215566 0.06205042 -0.998073
W -15.87354 6.275116 0.06117923 -0.9981268
W -15.88087 6.334667 0.06117923 -0.9981268
W -15.88819 6.394218 0.06117923 -0.9981268
W -15.89542 6.453782 0.06030823 -0.9981798
_W -15.89542 6.453782 0.05943718 -0.9982321
_W -15.89542 6.453782 0.05856609 -0.9982836
_W -15.89542 6.453782 0.05856609 -0.9982836
_W -15.89542 6.453782 0.05682354 -0.9983842
_W -15.89542 6.453782 0.05508081 -0.9984819
_W -15.89542 6.453782 0.05508081 -0.9984819
_W -15.89542 6.453782 0.05508081 -0.9984819
_W -15.89542 6.453782 0.05508081 -0.9984819
_W -15.89542 6.453782 0.05508081 -0.9984819
_W -15.89542 6.453782 0.05508081 -0.9984819
E -15.89542 6.453782 0.05508081 -0.9984819
E -15.89542 6.453782 0.05508081 -0.9984819
E -15.89542 6.453782 0.05508081 -0.9984819
E -15.89542 6.453782 0.05508081 -0.9984819
E -15.89542 6.453782 0.05508081 -0.9984819
E -15.89542 6.453782 0.05508081 -0.9984819
E -15.89542 6.453782 0.05508081 -0.9984819
E -15.89542 6.453782 0.05508081 -0.9984819
E -15.89542 6.453782 0.05508081 -0.9984819
E -15.89542 6.453782 0.05508081 -0.9984819
E -15.89542 6.453782 0.05508081 -0.9984819
E -15.89542 6.453782 0.05508081 -0.9984819
E -15.89542 6.453782 0.05508081 -0.9984819
E -15.89542 6.453782 0.05508081 -0.9984819
E -15.89542 6.453782 0.05508081 -0.9984819
E -15.89542 6.453782 0.05508081 -0.9984819
E -15.89542 6.453782 0.05508081 -0.9984819
E -15.89542 6.453782 0.05595208 -0.9984335
E -15.89542 6.453782 0.05769472 -0.9983343
E -15.89542 6.453782 0.05769472 -0.9983343
E -15.89542 6.453782 0.05769472 -0.9983343
E -15.89542 6.453782 0.05769472 -0.9983343
E -15.89542 6.453782 0.05769472 -0.9983343
E -15.89542 6.453782 0.05769472 -0.9983343
E -15.89542 6.453782 0.05769472 -0.9983343
E -15.89542 6.453782 0.05769472 -0.9983343
E -15.89542 6.453782 0.05769472 -0.9983343
E -15.89542 6.453782 0.05769472 -0.9983343
E -15.89542 6.453782 0.05769472 -0.9983343
E -15.89542 6.453782 0.05769472 -0.9983343
E -15.89542 6.453782 0.0542095 -0.9985296
_E -15.89542 6.453782 0.04287874 -0.9990803
_E -15.89542 6.453782 0.02630851 -0.9996539
_E -15.89542 6.453782 0.01060338 -0.9999438
_E -15.89542 6.453782 0.005976964 0.9999822
_E -15.89542 6.453782 0.02517297 0.9996831
_E -15.89542 6.453782 0.04523147 0.9989765
_E -15.89542 6.453782 0.06788395 0.9976932
_E -15.89542 6.453782 0.09397726 0.9955744
_E -15.89542 6.453782 0.1217387 0.9925622
_E -15.89542 6.453782 0.1554425 0.9878449
_E -15.89542 6.453782 0.2043672 0.9788943
_E -15.89542 6.453782 0.2485624 0.9686159
_E -15.89542 6.453782 0.2939145 0.9558317
_E -15.89542 6.453782 0.3377928 0.9412205
_E -15.89542 6.453782 0.3809487 0.9245962
_E -15.89542 6.453782 0.4264497 0.9045113
_E -15.89542 6.453782 0.4670421 0.8842351
_E -15.89542 6.453782 0.5081768 0.8612528
_E -15.89542 6.453782 0.5496421 0.8354002
_E -15.89542 6.453782 0.5876788 0.8090944
_E -15.89542 6.453782 0.6258209 0.7799668
_E -15.89542 6.453782 0.6657837 0.7461448
_E -15.89542 6.453782 0.7082472 0.7059646
_E -15.89542 6.453782 0.7665209 0.6422194
_E -15.89542 6.453782 0.8109871 0.5850641
_E -15.89542 6.453782 0.8539369 0.5203766
_E -15.89542 6.453782 0.8937043 0.4486564
_E -15.89542 6.453782 0.9287609 0.3706793
_E -15.89542 6.453782 0.9507459 0.3099714
_E -15.89542 6.453782 0.9691986 0.2462803
_E -15.89542 6.453782 0.9795489 0.2012063
_E -15.89542 6.453782 0.9835478 0.180648
_E -15.89542 6.453782 0.9840174 0.1780724
_E -15.89542 6.453782 0.9840174 0.1780724
W -15.87439 6.397587 0.9840174 0.1780724
W -15.85336 6.341392 0.9840174 0.1780724
W -15.83234 6.285197 0.9840174 0.1780724
W -15.81131 6.229002 0.9840174 0.1780724
W -15.79028 6.172808 0.9840174 0.1780724
W -15.76925 6.116613 0.9840174 0.1780724
W -15.74823 6.060418 0.9840174 0.1780724
W -15.7272 6.004223 0.9840174 0.1780724
W -15.70617 5.948028 0.9840174 0.1780724
W -15.68515 5.891833 0.9840174 0.1780724
W -15.66412 5.835639 0.9840174 0.1780724
W -15.64309 5.779444 0.9840174 0.1780724
W -15.62206 5.723249 0.9840174 0.1780724
W -15.60104 5.667054 0.9840174 0.1780724
W -15.58011 5.610823 0.9841724 0.1772136
W -15.56175 5.553699 0.9879396 0.1548398
W -15.5457 5.495886 0.9908482 0.1349808
W -15.53158 5.437572 0.99295 0.1185341
W -15.51929 5.378843 0.9946893 0.1029229
W -15.50896 5.319739 0.996259 0.086417
W -15.5008 5.260297 0.9976754 0.06814602
W -15.49368 5.200721 0.9982321 0.05943723
W -15.48656 5.141145 0.9982321 0.05943723
W -15.47944 5.081569 0.9982321 0.05943723
W -15.47232 5.021993 0.9982321 0.05943723
W -15.4652 4.962416 0.9982321 0.05943723
W -15.45809 4.90284 0.9982321 0.05943723
W -15.45096 4.843264 0.9982321 0.05943723
W -15.44384 4.783688 0.9982321 0.05943723
W -15.43672 4.724112 0.9982321 0.05943723
W -15.42961 4.664536 0.9982321 0.05943723
_W -15.42961 4.664536 0.9982321 0.05943723
_W -15.42961 4.664536 0.9982321 0.05943723
_W -15.42961 4.664536 0.9982321 0.05943723
_W -15.42961 4.664536 0.9982321 0.05943723
_W -15.42961 4.664536 0.9982321 0.05943723
_W -15.42961 4.664536 0.9982321 0.05943723
_W -15.42961 4.664536 0.9982321 0.05943723
_W -15.42961 4.664536 0.9982321 0.05943723
_W -15.42961 4.664536 0.9982321 0.05943723
_W -15.42961 4.664536 0.9982321 0.05943723
_W -15.42961 4.664536 0.9982321 0.05943723
_W -15.42961 4.664536 0.9982321 0.05943723
_W -15.42961 4.664536 0.9982321 0.05943723
_W -15.42961 4.664536 0.9982321 0.05943723
_W -15.42961 4.664536 0.9982321 0.05943723
_W -15.42961 4.664536 0.9982321 0.05943723
_W -15.42961 4.664536 0.9982321 0.05943723
_W -15.42961 4.664536 0.9982321 0.05943723
_W -15.42961 4.664536 0.9982321 0.05943723
_W -15.42961 4.664536 0.9982321 0.05943723
_W -15.42961 4.664536 0.9982321 0.05943723
_W -15.42961 4.664536 0.9982321 0.05943723
_W -15.42961 4.664536 0.9982321 0.05943723
_W -15.42961 4.664536 0.9982321 0.05943723
_W -15.42961 4.664536 0.9982321 0.05943723
_W -15.42961 4.664536 0.9982321 0.05943723
_W -15.42961 4.664536 0.9982321 0.05943723
_W -15.42961 4.664536 0.9982321 0.05943723
_W -15.42961 4.664536 0.9982321 0.05943723
_W -15.42961 4.664536 0.9982321 0.05943723
_W -15.42961 4.664536 0.9982321 0.05943723
_W -15.42961 4.664536 0.9982321 0.05943723
_W -15.42961 4.664536 0.9982321 0.05943723
_W -15.42961 4.664536 0.9982321 0.05943723
_W -15.42961 4.664536 0.9982321 0.05943723
_W -15.42961 4.664536 0.9982321 0.05943723
_W -15.42961 4.664536 0.9982321 0.05943723
_W -15.42961 4.664536 0.9982321 0.05943723
_W -15.42961 4.664536 0.9982321 0.05943723
_W -15.42961 4.664536 0.9982321 0.05943723
_W -15.42961 4.664536 0.9982321 0.05943723
_W -15.42961 4.664536 0.9982321 0.05943723
_W -15.42961 4.664536 0.9982321 0.05943723
_W -15.42961 4.664536 0.9982321 0.05943723
_W -15.42961 4.664536 0.9982321 0.05943723
_W -15.42961 4.664536 0.9982321 0.05943723