 -14.86 4.28 0.4703519 -0.882479
 -14.86 4.28 0.4703519 -0.882479
 -14.86 4.28 0.4703519 -0.882479
 -14.86 4.28 0.4703519 -0.882479
 -14.86 4.28 0.4703519 -0.882479
 -14.86 4.28 0.4703519 -0.882479
 -14.86 4.28 0.4703519 -0.882479
 -14.86 4.28 0.4703519 -0.882479
 -14.86 4.28 0.4703519 -0.882479
 -14.86 4.28 0.4703519 -0.882479
 -14.86 4.28 0.4703519 -0.882479
 -14.86 4.28 0.4688109 -0.8832986
 -14.86 4.28 0.4463091 -0.8948789
 -14.86 4.28 0.423522 -0.9058858
 -14.86 4.28 0.4203572 -0.9073587
 -14.86 4.28 0.4203572 -0.9073587
 -14.86 4.28 0.4203572 -0.9073587
 -14.86 4.28 0.4203572 -0.9073587
 -14.86 4.28 0.4203572 -0.9073587
 -14.86 4.28 0.4203572 -0.9073587
 -14.86 4.28 0.4203572 -0.9073587
 -14.86 4.28 0.4203572 -0.9073587
 -14.86 4.28 0.4195653 -0.9077252
 -14.86 4.28 0.4203572 -0.9073587
 -14.86 4.28 0.4203572 -0.9073587
 -14.86 4.28 0.4203572 -0.9073587
 -14.86 4.28 0.4219401 -0.9066237
W -14.90657 4.317829 0.4298359 -0.902907
W -14.95425 4.35426 0.4431833 -0.896431
W -15.00376 4.388145 0.4664973 -0.8845226
W -15.05609 4.417495 0.505389 -0.8628916
W -15.11125 4.441118 0.5505855 -0.8347788
W -15.16898 4.45744 0.6033084 -0.797508
W -15.22847 4.465257 0.6594406 -0.7517567
W -15.28843 4.462938 0.7206386 -0.6933109
W -15.34709 4.450346 0.777774 -0.628544
W -15.40164 4.425356 0.8415789 -0.5401343
W -15.45023 4.390161 0.8906673 -0.4546556
W -15.49114 4.34627 0.9304638 -0.3663839
W -15.5239 4.295998 0.9586075 -0.284731
W -15.54548 4.240016 0.9831187 -0.1829694
W -15.55866 4.18148 0.9938788 -0.1104761
W -15.56491 4.121808 0.9986362 -0.05220964
W -15.56521 4.061808 0.9999969 -0.002491277
W -15.56112 4.001948 0.9994166 0.03415393
W -15.55348 3.942436 0.9979635 0.06378783
W -15.54325 3.883314 0.9963345 0.08554323
W -15.53097 3.824585 0.9946898 0.1029187
W -15.51684 3.766271 0.9929505 0.1185299
W -15.5011 3.708375 0.9911988 0.1323821
W -15.48414 3.65082 0.9897581 0.1427544
W -15.46618 3.59357 0.9884747 0.1513861
W -15.44703 3.536709 0.9868352 0.1617287
W -15.4263 3.480404 0.984481 0.1754913
W -15.40478 3.424395 0.9832318 0.18236
W -15.38307 3.368461 0.9829121 0.1840757
W -15.36107 3.312642 0.9824268 0.1866481
W -15.33877 3.256938 0.9819348 0.1892196
W -15.31609 3.201391 0.9812683 0.1926459
W -15.29321 3.145925 0.9809306 0.1943582
W -15.27033 3.090458 0.9809306 0.1943582
W -15.24745 3.034991 0.9809306 0.1943582
W -15.22457 2.979524 0.9809306 0.1943582
W -15.20228 2.92382 0.9819348 0.1892195
W -15.18145 2.867552 0.9843276 0.1763501
W -15.16249 2.810624 0.9871161 0.1600059
_W -15.16249 2.810624 0.9902505 0.1392981
_W -15.16249 2.810624 0.9928468 0.1193958
_W -15.16249 2.810624 0.994417 0.1055219
_W -15.16249 2.810624 0.9953 0.09683998
_W -15.16249 2.810624 0.9957934 0.09162725
_W -15.16249 2.810624 0.9961072 0.08815081
_W -15.16249 2.810624 0.9964823 0.08380368
_W -15.16249 2.810624 0.9968385 0.07945494
_W -15.16249 2.810624 0.9972408 0.0742344
_W -15.16249 2.810624 0.9976159 0.06901195
_W -15.16249 2.810624 0.9977348 0.06727077
_W -15.16249 2.810624 0.9977348 0.06727077
_W -15.16249 2.810624 0.9977348 0.06727077
_W -15.16249 2.810624 0.9977348 0.06727077
_W -15.16249 2.810624 0.9977348 0.06727077
_W -15.16249 2.810624 0.9977348 0.06727077
_W -15.16249 2.810624 0.9977348 0.06727077
_W -15.16249 2.810624 0.9977348 0.06727077
_W -15.16249 2.810624 0.9977348 0.06727077
_W -15.16249 2.810624 0.9977348 0.06727077
_W -15.16249 2.810624 0.9977348 0.06727077
_W -15.16249 2.810624 0.9977348 0.06727077
_W -15.16249 2.810624 0.9977348 0.06727077
_W -15.16249 2.810624 0.9977348 0.06727077
_W -15.16249 2.810624 0.9977348 0.06727077
_W -15.16249 2.810624 0.9977348 0.06727077
_W -15.16249 2.810624 0.9977348 0.06727077
_W -15.16249 2.810624 0.9977348 0.06727077
_W -15.16249 2.810624 0.9977348 0.06727077
_W -15.16249 2.810624 0.9977348 0.06727077
_W -15.16249 2.810624 0.9977348 0.06727077
_W -15.16249 2.810624 0.9977348 0.06727077
_W -15.16249 2.810624 0.9977348 0.06727077
_W -15.16249 2.810624 0.9977348 0.06727077
_W -15.16249 2.810624 0.9977348 0.06727077
_W -15.16249 2.810624 0.9977348 0.06727077
_W -15.16249 2.810624 0.9977348 0.06727077
_W -15.16249 2.810624 0.9977348 0.06727077
_W -15.16249 2.810624 0.9977348 0.06727077
_W -15.16249 2.810624 0.9977348 0.06727077
_W -15.16249 2.810624 0.9977348 0.06727077
_W -15.16249 2.810624 0.9977348 0.06727077
_W -15.16249 2.810624 0.9977348 0.06727077
_W -15.16249 2.810624 0.9977348 0.06727077
_W -15.16249 2.810624 0.9977348 0.06727077
_W -15.16249 2.810624 0.9977348 0.06727077
_W -15.16249 2.810624 0.9977348 0.06727077
_W -15.16249 2.810624 0.9977348 0.06727077
_W -15.16249 2.810624 0.9977348 0.06727077
_W -15.16249 2.810624 0.9977348 0.06727077
_W -15.16249 2.810624 0.9977348 0.06727077
_W -15.16249 2.810624 0.9977348 0.06727077
_W -15.16249 2.810624 0.9977348 0.06727077
_W -15.16249 2.810624 0.9977348 0.06727077
_W -15.16249 2.810624 0.9977348 0.06727077
_W -15.16249 2.810624 0.9977348 0.06727077
_W -15.16249 2.810624 0.9977348 0.06727077
_W -15.16249 2.810624 0.9977348 0.06727077
_W -15.16249 2.810624 0.9977348 0.06727077
_W -15.16249 2.810624 0.9977348 0.06727077
_W -15.16249 2.810624 0.9977348 0.06727077
_W -15.16249 2.810624 0.9977348 0.06727077
_W -15.16249 2.810624 0.9977348 0.06727077
_W -15.16249 2.810624 0.9977348 0.06727077
_W -15.16249 2.810624 0.9977348 0.06727077
_W -15.16249 2.810624 0.9977348 0.06727077
_W -15.16249 2.810624 0.9977348 0.06727077
_W -15.16249 2.810624 0.9977348 0.06727077
_W -15.16249 2.810624 0.9977348 0.06727077
_W -15.16249 2.810624 0.9977348 0.06727077
_W -15.16249 2.810624 0.9977348 0.06727077
_W -15.16249 2.810624 0.9977348 0.06727077
_W -15.16249 2.810624 0.9977348 0.06727077
_W -15.16249 2.810624 0.9977348 0.06727077
_W -15.16249 2.810624 0.9977348 0.06727077
_W -15.16249 2.810624 0.9977348 0.06727077
_W -15.16249 2.810624 0.9977348 0.06727077
_W -15.16249 2.810624 0.9977348 0.06727077
_W -15.16249 2.810624 0.9977348 0.06727077
_W -15.16249 2.810624 0.9977348 0.06727077
_W -15.16249 2.810624 0.9977348 0.06727077
_W -15.16249 2.810624 0.9977348 0.06727077
_W -15.16249 2.810624 0.9977348 0.06727077
_W -15.16249 2.810624 0.9977348 0.06727077