_E -15.12481 2.070005 0.1667693 0.9859959
_E -15.12481 2.070005 0.1667693 0.9859959
_E -15.12481 2.070005 0.16849 0.9857034
_E -15.12481 2.070005 0.1753673 0.9845031
_E -15.12481 2.070005 0.1848097 0.9827744
_E -15.12481 2.070005 0.1993685 0.9799246
_E -15.12481 2.070005 0.2206981 0.9753422
_E -15.12481 2.070005 0.2427692 0.9700841
_E -15.12481 2.070005 0.2588197 0.9659257
_E -15.12481 2.070005 0.2706011 0.9626915
_E -15.12481 2.070005 0.2781537 0.9605366
_E -15.12481 2.070005 0.2815049 0.9595598
_E -15.12481 2.070005 0.2823422 0.9593138
_E -15.12481 2.070005 0.2840161 0.9588195
W -15.1083 2.09505 0.2873613 0.9578223
W -15.09161 2.11998 0.290703 0.9568133
W -15.07483 2.144851 0.2923725 0.9563046
W -15.05784 2.169575 0.2965423 0.9550197
W -15.04072 2.194209 0.2990416 0.9542401
W -15.02338 2.218693 0.3032024 0.9529262
W -15.00587 2.243056 0.306527 0.951862
W -14.98833 2.267388 0.3073575 0.9515941
W -14.97069 2.291658 0.3090179 0.9510562
W -14.95302 2.315898 0.3098477 0.9507862
W -14.93534 2.340137 0.3098477 0.9507862
W -14.918 2.364622 0.3032026 0.9529261
W -14.90175 2.389838 0.2823426 0.9593137
W -14.88684 2.415871 0.2571339 0.9663758
W -14.8736 2.442789 0.2266525 0.9739757
W -14.86212 2.470505 0.1950915 0.9807851
W -14.852 2.49875 0.1710706 0.9852588
W -14.84254 2.527216 0.1598824 0.9871361
W -14.83336 2.55578 0.1547116 0.9879597
W -14.82459 2.584469 0.1478107 0.9890157
W -14.81673 2.613419 0.1322577 0.9912153
W -14.81136 2.642936 0.08976478 0.995963
W -14.80896 2.672839 0.0401331 0.9991944
W -14.81074 2.702786 0.02966508 -0.9995599
W -14.81779 2.731945 0.1184027 -0.9929657
W -14.83178 2.758483 0.2402267 -0.9707168
W -14.8515 2.78109 0.3510237 -0.9363666
W -14.87646 2.797735 0.4717807 -0.8817159
W -14.90481 2.807552 0.5799921 -0.8146221
W -14.93459 2.811208 0.6626199 -0.7489558
W -14.96452 2.80922 0.7301624 -0.6832737
W -14.99395 2.803392 0.772734 -0.6347299
W -15.02238 2.793823 0.8120841 -0.5835404
W -15.04968 2.781383 0.8410397 -0.5409735
W -15.07545 2.766021 0.8694956 -0.4939406
W -15.10005 2.748857 0.8866081 -0.4625215
W -15.1235 2.73014 0.9010776 -0.4336579
W -15.14512 2.709338 0.920164 -0.391533
W -15.1646 2.686526 0.9381919 -0.3461156
W -15.18198 2.662072 0.9526621 -0.3040314
W -15.1972 2.636223 0.9647878 -0.2630295
W -15.20974 2.608968 0.9768597 -0.213881
W -15.2199 2.580742 0.9851097 -0.1719271
W -15.2267 2.551522 0.9934729 -0.114068
W -15.23072 2.521793 0.9977434 -0.06714229
W -15.23198 2.491819 0.9997808 -0.02093977
W -15.23041 2.46186 0.9996573 0.02617962
W -15.22639 2.432131 0.9977431 0.06714732
W -15.2203 2.402754 0.9947919 0.1019271
W -15.21299 2.373658 0.9924391 0.1227381
W -15.20533 2.344653 0.9916708 0.1287982
W -15.19767 2.315649 0.9916708 0.1287982
W -15.19 2.286644 0.9916708 0.1287982
W -15.18234 2.257639 0.9916708 0.1287982
W -15.17468 2.228635 0.9916708 0.1287982
W -15.16701 2.19963 0.9916708 0.1287982
W -15.15935 2.170625 0.9916708 0.1287982
W -15.15169 2.141621 0.9916708 0.1287982
W -15.14402 2.112616 0.9916708 0.1287982
W -15.13636 2.083612 0.9916708 0.1287982
W -15.12869 2.054607 0.9916708 0.1287982
W -15.12103 2.025603 0.9916708 0.1287982
W -15.11337 1.996598 0.9916708 0.1287982
W -15.1057 1.967593 0.9916708 0.1287982
W -15.09804 1.938589 0.9916708 0.1287982
W -15.09038 1.909584 0.9916708 0.1287982
W -15.08271 1.880579 0.9916708 0.1287982
W -15.07505 1.851574 0.9916708 0.1287982
W -15.06738 1.82257 0.9916708 0.1287982
W -15.05972 1.793565 0.9916708 0.1287982
W -15.05206 1.76456 0.9916708 0.1287982
W -15.04439 1.735556 0.9916708 0.1287982
W -15.03673 1.706551 0.9916708 0.1287982
W -15.02907 1.677546 0.9916708 0.1287982
W -15.0214 1.648542 0.9916708 0.1287982
W -15.01374 1.619537 0.9916708 0.1287982
W -15.00607 1.590532 0.9916708 0.1287982
W -14.99866 1.561462 0.9922234 0.1244701
W -14.99253 1.532096 0.9947026 0.1027951
_W -14.99253 1.532096 0.9988483 0.04798055
_W -14.99253 1.532096 0.9994503 -0.03315275
_W -14.99253 1.532096 0.9906294 -0.1365778
_W -14.99253 1.532096 0.9663767 -0.2571304
_W -14.99253 1.532096 0.935753 -0.352656
_W -14.99253 1.532096 0.8886184 -0.4586473
_W -14.99253 1.532096 0.8424538 -0.5387685
_W -14.99253 1.532096 0.786398 -0.6177202
_W -14.99253 1.532096 0.7301642 -0.6832718
_W -14.99253 1.532096 0.6749489 -0.7378645
_W -14.99253 1.532096 0.6115295 -0.7912216
_W -14.99253 1.532096 0.5613642 -0.8275689
_W -14.99253 1.532096 0.5112963 -0.8594045
_W -14.99253 1.532096 0.4648455 -0.8853918
_W -14.99253 1.532096 0.4154909 -0.9095973
_W -14.99253 1.532096 0.376228 -0.9265271
_W -14.99253 1.532096 0.3436635 -0.9390929
_W -14.99253 1.532096 0.3189633 -0.9477671
_W -14.99253 1.532096 0.2948786 -0.9555348
_W -14.99253 1.532096 0.2748028 -0.9615006
_W -14.99253 1.532096 0.2630357 -0.9647861
_W -14.99253 1.532096 0.2512295 -0.9679276
_W -14.99253 1.532096 0.2436197 -0.9698709
_W -14.99253 1.532096 0.2393854 -0.9709247
_W -14.99253 1.532096 0.2309039 -0.9729766
_W -14.99253 1.532096 0.2241054 -0.9745649
_W -14.99253 1.532096 0.2241057 -0.9745649
_W -14.99253 1.532096 0.2241057 -0.9745649
_W -14.99253 1.532096 0.2241057 -0.9745649
_W -14.99253 1.532096 0.2241057 -0.9745649
_W -14.99253 1.532096 0.2241057 -0.9745649
E -14.99253 1.532096 0.2207024 -0.9753412
E -14.99253 1.532096 0.2155928 -0.9764833
E -14.99253 1.532096 0.207917 -0.9781465
E -14.99253 1.532096 0.1985181 -0.9800972
E -14.99253 1.532096 0.1916709 -0.9814593
E -14.99253 1.532096 0.1813829 -0.9834126
E -14.99253 1.532096 0.169355 -0.9855551
E -14.99253 1.532096 0.1547164 -0.987959
E -14.99253 1.532096 0.1374509 -0.9905086
E -14.99253 1.532096 0.1184105 -0.9929647
E -14.99253 1.532096 0.1019313 -0.9947914
E -14.99253 1.532096 0.08977057 -0.9959625
E -14.99253 1.532096 0.08020613 -0.9967783
E -14.99253 1.532096 0.07324535 -0.997314
E -14.99253 1.532096 0.06976384 -0.9975635
E -14.99253 1.532096 0.068023 -0.9976838
E -14.99253 1.532096 0.06541077 -0.9978585
E -14.99253 1.532096 0.06279854 -0.9980263
E -14.99253 1.532096 0.06105644 -0.9981343
E -14.99253 1.532096 0.05844352 -0.9982907
E -14.99253 1.532096 0.05757238 -0.9983414
E -14.99253 1.532096 0.05582972 -0.9984403
E -14.99253 1.532096 0.05408713 -0.9985362
E -14.99253 1.532096 0.05147271 -0.9986745
E -14.99253 1.532096 0.04885793 -0.9988058
E -14.99253 1.532096 0.04711472 -0.9988895
E -14.99253 1.532096 0.04711472 -0.9988895
E -14.99253 1.532096 0.04624282 -0.9989303
E -14.99253 1.532096 0.04537112 -0.9989702
E -14.99253 1.532096 0.04537112 -0.9989702
E -14.99253 1.532096 0.04537112 -0.9989702
E -14.99253 1.532096 0.04537112 -0.9989702
E -14.99253 1.532096 0.04537112 -0.9989702
E -14.99253 1.532096 0.04537112 -0.9989702
E -14.99253 1.532096 0.04537112 -0.9989702
E -14.99253 1.532096 0.04537112 -0.9989702
E -14.99253 1.532096 0.04537112 -0.9989702
_E -14.99253 1.532096 0.04537112 -0.9989702
_E -14.99253 1.532096 0.04537112 -0.9989702
_E -14.99253 1.532096 0.04537112 -0.9989702
_E -14.99253 1.532096 0.04537112 -0.9989702
_E -14.99253 1.532096 0.04537112 -0.9989702
_E -14.99253 1.532096 0.04537112 -0.9989702
_E -14.99253 1.532096 0.04537112 -0.9989702
_E -14.99253 1.532096 0.04537112 -0.9989702
_E -14.99253 1.532096 0.04537112 -0.9989702
_E -14.99253 1.532096 0.04449916 -0.9990094
_E -14.99253 1.532096 0.04449916 -0.9990094
_E -14.99253 1.532096 0.0427556 -0.9990856
_E -14.99253 1.532096 0.0410119 -0.9991587
_E -14.99253 1.532096 0.03054659 -0.9995334
_E -14.99253 1.532096 0.006116503 -0.9999813
_E -14.99253 1.532096 0.03750791 0.9992964
_E -14.99253 1.532096 0.09236273 0.9957255
_E -14.99253 1.532096 0.1633182 0.9865735
_E -14.99253 1.532096 0.2571252 0.9663781
_E -14.99253 1.532096 0.3681173 0.9297794
_E -14.99253 1.532096 0.4779187 0.8784041
_E -14.99253 1.532096 0.5599098 0.8285536
_E -14.99253 1.532096 0.6306699 0.7760512
_E -14.99253 1.532096 0.6826308 0.7307634
_E -14.99253 1.532096 0.7009039 0.7132558
_E -14.99253 1.532096 0.701526 0.7126439
_E -14.99253 1.532096 0.6921377 0.7217655
R -14.85795 1.54269 0.6787952 0.7343276
R -14.72991 1.5419 0.6626144 0.7489607
R -14.60913 1.512668 0.6467839 0.7626733
R -14.47708 1.540738 0.6293144 0.7771508
R -14.34518 1.569499 0.6272777 0.7787957
R -14.21294 1.596647 0.6320234 0.7749493
R -14.0806 1.600246 0.633375 0.773845
R -13.94831 1.600246 0.6326994 0.7743975
R -13.81607 1.600246 0.6320234 0.7749493
R -13.68397 1.600246 0.6299924 0.7766013
R -13.55207 1.600246 0.6272779 0.7787955
R -13.42048 1.630387 0.6231915 0.7820693
R -13.28955 1.663277 0.6149675 0.7885524
R -13.15959 1.69981 0.6038978 0.7970617
R -13.03134 1.741977 0.5863664 0.810046
R -12.90726 1.795161 0.5504746 0.8348519
R -12.78873 1.859786 0.5105366 0.8598561
R -12.67938 1.938948 0.4547612 0.8906134
R -12.5826 2.033067 0.3891172 0.9211883
R -12.49819 2.138426 0.331331 0.9435146
R -12.42826 2.253901 0.2689127 0.9631646
R -12.374 2.377517 0.205343 0.9786901
R -12.33228 2.50591 0.1564272 0.9876895
R -12.29757 2.636371 0.1296537 0.9915594
R -12.26697 2.767858 0.114063 0.9934735
R -12.23684 2.899451 0.1123289 0.9936711
R -12.2067 3.031045 0.1123289 0.9936711
R -12.17656 3.162638 0.1123289 0.9936711
R -12.14643 3.294231 0.1123289 0.9936711
R -12.11629 3.425824 0.1123289 0.9936711
R -12.08638 3.55747 0.1114617 0.9937688
R -12.05671 3.689167 0.1105945 0.9938657
R -12.02726 3.820917 0.1097271 0.9939618
R -11.99781 3.952666 0.1097271 0.9939618
R -11.96836 4.084415 0.1097271 0.9939618
_R -11.96836 4.084415 0.1097271 0.9939618
_R -11.96836 4.084415 0.1097271 0.9939618
_R -11.96836 4.084415 0.1097271 0.9939618
_R -11.96836 4.084415 0.1097271 0.9939618
_R -11.96836 4.084415 0.1097271 0.9939618
_R -11.96836 4.084415 0.1097271 0.9939618
_R -11.96836 4.084415 0.1097271 0.9939618
_R -11.96836 4.084415 0.1097271 0.9939618
_R -11.96836 4.084415 0.1097271 0.9939618
_R -11.96836 4.084415 0.1097271 0.9939618
_R -11.96836 4.084415 0.1097271 0.9939618
_R -11.96836 4.084415 0.1097271 0.9939618
_R -11.96836 4.084415 0.1097271 0.9939618
_R -11.96836 4.084415 0.1097271 0.9939618
_R -11.96836 4.084415 0.1097271 0.9939618
_R -11.96836 4.084415 0.1097271 0.9939618
_R -11.96836 4.084415 0.1097271 0.9939618
_R -11.96836 4.084415 0.1097271 0.9939618
_R -11.96836 4.084415 0.1097271 0.9939618
_R -11.96836 4.084415 0.1097271 0.9939618
_R -11.96836 4.084415 0.1097271 0.9939618
_R -11.96836 4.084415 0.1097271 0.9939618
_R -11.96836 4.084415 0.1097271 0.9939618
_R -11.96836 4.084415 0.1097271 0.9939618
_R -11.96836 4.084415 0.1097271 0.9939618
_R -11.96836 4.084415 0.1097271 0.9939618
_R -11.96836 4.084415 0.1097271 0.9939618
_R -11.96836 4.084415 0.1097271 0.9939618
_R -11.96836 4.084415 0.1097271 0.9939618
_R -11.96836 4.084415 0.1097271 0.9939618
_R -11.96836 4.084415 0.1097271 0.9939618
_R -11.96836 4.084415 0.1097271 0.9939618
_R -11.96836 4.084415 0.1097271 0.9939618
_R -11.96836 4.084415 0.1097271 0.9939618
_R -11.96836 4.084415 0.1097271 0.9939618
_R -11.96836 4.084415 0.1097271 0.9939618
_R -11.96836 4.084415 0.1097271 0.9939618
_R -11.96836 4.084415 0.1097271 0.9939618
_R -11.96836 4.084415 0.1097271 0.9939618
_R -11.96836 4.084415 0.1097271 0.9939618
_R -11.96836 4.084415 0.1097271 0.9939618
_R -11.96836 4.084415 0.1097271 0.9939618
_R -11.96836 4.084415 0.1097271 0.9939618
_R -11.96836 4.084415 0.1097271 0.9939618
_R -11.96836 4.084415 0.1097271 0.9939618
_R -11.96836 4.084415 0.1097271 0.9939618