 -14.84472 2.591584 0.2232492 0.9747614
 -14.84472 2.591584 0.2249501 0.9743703
 -14.84472 2.591584 0.2258003 0.9741737
 -14.84472 2.591584 0.2275001 0.9737781
 -14.84472 2.591584 0.2275001 0.9737781
 -14.84472 2.591584 0.2275001 0.9737781
 -14.84472 2.591584 0.2275001 0.9737781
 -14.84472 2.591584 0.2275001 0.9737781
 -14.84472 2.591584 0.2275001 0.9737781
 -14.84472 2.591584 0.2275001 0.9737781
 -14.84472 2.591584 0.2275001 0.9737781
 -14.84472 2.591584 0.2275001 0.9737781
 -14.84472 2.591584 0.2275001 0.9737781
 -14.84472 2.591584 0.2275001 0.9737781
 -14.84472 2.591584 0.2275001 0.9737781
 -14.84472 2.591584 0.2275001 0.9737781
 -14.84472 2.591584 0.2300487 0.9731791
 -14.84472 2.591584 0.2342928 0.9721661
 -14.84472 2.591584 0.2359892 0.9717557
 -14.84472 2.591584 0.2376849 0.9713423
 -14.84472 2.591584 0.2385325 0.9711345
 -14.84472 2.591584 0.2385325 0.9711345
W -14.81683 2.644708 0.2393798 0.970926
W -14.78894 2.697831 0.2393798 0.970926
W -14.76105 2.750955 0.2393798 0.970926
W -14.73316 2.804079 0.2393798 0.970926
W -14.70527 2.857202 0.2393798 0.970926
W -14.67738 2.910326 0.2393798 0.970926
W -14.64949 2.96345 0.2393798 0.970926
W -14.6216 3.016573 0.2393798 0.970926
W -14.59445 3.070081 0.2325957 0.9725735
W -14.57033 3.125021 0.2053491 0.9786888
W -14.55159 3.182019 0.158157 0.987414
W -14.54015 3.240917 0.09584464 0.9953963
W -14.53899 3.300906 0.009598047 0.9999539
W -14.55137 3.359617 0.1036616 -0.9946126
W -14.57823 3.413266 0.2300507 -0.9731787
W -14.61938 3.456932 0.3689369 -0.9294544
W -14.67246 3.484915 0.5165344 -0.8562664
W -14.73167 3.494611 0.6474559 -0.7621029
W -14.79081 3.484502 0.7643598 -0.6447901
W -14.84354 3.455872 0.8594069 -0.5112923
W -14.88641 3.413892 0.9218636 -0.3875146
W -14.91829 3.363065 0.9610212 -0.2764748
W -14.94028 3.30724 0.9824507 -0.1865225
W -14.9553 3.249151 0.9920052 -0.1261974
W -14.96665 3.190233 0.9954796 -0.09497532
W -14.97665 3.131073 0.996493 -0.0836757
W -14.98542 3.071717 0.9973147 -0.07323586
W -14.99284 3.012177 0.9980813 -0.06191694
W -14.99931 2.952528 0.9985368 -0.05407608
W -15.00548 2.892846 0.998675 -0.05146165
W -15.01165 2.833163 0.998675 -0.05146165
W -15.01782 2.773481 0.998675 -0.05146165
W -15.02398 2.713799 0.998675 -0.05146165
W -15.03015 2.654117 0.998675 -0.05146165
W -15.03632 2.594435 0.998675 -0.05146165
W -15.04259 2.534763 0.9986297 -0.0523332
W -15.04896 2.475103 0.9985836 -0.0532046
W -15.05534 2.415443 0.9985836 -0.0532046
W -15.06172 2.355782 0.9985836 -0.0532046
W -15.06809 2.296122 0.9985836 -0.0532046
W -15.07447 2.236462 0.9985836 -0.0532046
W -15.08084 2.176802 0.9985836 -0.0532046
W -15.08722 2.117141 0.9985836 -0.0532046
W -15.09359 2.057481 0.9985836 -0.0532046
W -15.10007 1.997832 0.9985368 -0.05407596
W -15.10801 1.938359 0.9978017 -0.0662709
W -15.1175 1.879114 0.9968488 -0.07932574
W -15.12822 1.820081 0.9959635 -0.08976003
W -15.13905 1.761067 0.9958847 -0.09062907
W -15.14989 1.702053 0.9958847 -0.09062907
W -15.16072 1.643038 0.9958847 -0.09062907
W -15.17144 1.584005 0.9959635 -0.0897599
W -15.18166 1.524881 0.9963456 -0.08541314
W -15.18938 1.46538 0.9979159 -0.06452847
W -15.18938 1.40538 1 3.890195E-06
W -15.17589 1.346918 0.9935715 0.113207
W -15.14744 1.29409 0.9696581 0.2444649
W -15.10698 1.249783 0.9323224 0.3616282
W -15.05789 1.215283 0.8874117 0.4609778
W -15.00378 1.189358 0.8461911 0.5328795
W -14.94682 1.170519 0.8105509 0.5856683
W -14.88806 1.158352 0.7754934 0.6313557
W -14.82847 1.151352 0.747216 0.6645813
W -14.76857 1.147899 0.7271715 0.6864558
W -14.7086 1.146119 0.7175161 0.6965419
W -14.64862 1.144549 0.7162994 0.6977931
W -14.58864 1.142979 0.7162994 0.6977931
W -14.52865 1.141723 0.7144701 0.699666
W -14.46866 1.141199 0.7101828 0.7040173
W -14.40866 1.141828 0.7033921 0.7108021
W -14.34868 1.143399 0.6977879 0.7163045
W -14.28871 1.145389 0.6952833 0.7187358
W -14.22875 1.147379 0.6952833 0.7187358
W -14.16878 1.149368 0.6952833 0.7187358
W -14.10881 1.151358 0.6952833 0.7187358
W -14.04884 1.153243 0.6959102 0.7181288
W -13.98887 1.155128 0.6959102 0.7181288
W -13.92889 1.156804 0.6971626 0.7169131
W -13.86891 1.158166 0.6990371 0.7150854
W -13.80892 1.159423 0.6996609 0.7144751
W -13.74893 1.160575 0.7002841 0.7138643
W -13.68894 1.161622 0.7009068 0.7132528
W -13.62895 1.162461 0.7021506 0.7120285
W -13.56896 1.163299 0.7021506 0.7120285
W -13.50896 1.163927 0.7033922 0.7108019
W -13.44896 1.164451 0.7040123 0.7101878
W -13.38896 1.164452 0.7071044 0.7071092
W -13.32896 1.164033 0.7095684 0.7046365
W -13.26896 1.16351 0.7101831 0.704017
W -13.20897 1.162568 0.7126362 0.7015337
W -13.149 1.160684 0.718124 0.6959151
W -13.08906 1.158067 0.7223617 0.6915154
W -13.02913 1.155137 0.7241697 0.6896219
W -12.96926 1.151265 0.7295635 0.6839131
W -12.90944 1.146558 0.7343203 0.6788031
W -12.84964 1.141642 0.7355039 0.6775205
W -12.78986 1.136517 0.7366853 0.6762358
W -12.73009 1.131288 0.7372751 0.6755926
W -12.67034 1.125851 0.7384531 0.6743048
W -12.61065 1.119684 0.7425585 0.6697813
W -12.55108 1.11258 0.7477959 0.6639286
W -12.49155 1.10506 0.7501089 0.6613143
W -12.43202 1.09754 0.7501089 0.6613143
W -12.37251 1.089917 0.7506857 0.6606595
W -12.31312 1.08136 0.7558513 0.6547433
W -12.25405 1.070838 0.7666031 0.6421213
W -12.19554 1.057546 0.7815186 0.6238819
W -12.13835 1.039404 0.8069586 0.590608
W -12.08451 1.012914 0.8489702 0.5284408
W -12.03762 0.9754811 0.9010758 0.4336616
_W -12.03762 0.9754811 0.9505149 0.310679
_W -12.03762 0.9754811 0.9909828 0.1339889
_W -12.03762 0.9754811 0.9961185 -0.08802242
R -12.1224 0.8704178 0.9429334 -0.3329815
R -12.24757 0.8198451 0.8290392 -0.5591905
R -12.38178 0.8052643 0.7443138 -0.66783
R -12.51574 0.8219495 0.6619688 -0.7495314
R -12.64764 0.8507078 0.6272863 -0.7787887
R -12.77924 0.8808456 0.6232001 -0.7820625
R -12.91223 0.9040551 0.6434586 -0.765481
R -13.04663 0.9167587 0.6730151 -0.7396287
R -13.1816 0.9195849 0.699666 -0.7144701
R -13.31629 0.9104019 0.7307608 -0.6826336
R -13.44947 0.8883519 0.7626707 -0.646787
R -13.58085 0.8572943 0.7842375 -0.6204607
R -13.71094 0.821216 0.7960044 -0.6052908
R -13.84078 0.7842304 0.7981126 -0.6025084
R -13.97068 0.7474715 0.7975866 -0.6032045
R -14.10038 0.7100328 0.7991632 -0.6011142
R -14.22955 0.6707867 0.8033404 -0.5955201
R -14.35801 0.6292922 0.8085068 -0.5884869
R -14.48479 0.5828968 0.8196552 -0.5728571
R -14.61005 0.5325422 0.8285521 -0.5599121
R -14.73495 0.4813144 0.8305014 -0.5570165
R -14.85985 0.4300866 0.8305014 -0.5570165
R -14.98476 0.3788588 0.8305014 -0.5570165
R -15.10966 0.327631 0.8305014 -0.5570165
R -15.23456 0.2764032 0.8305014 -0.5570165
R -15.35947 0.2251754 0.8305014 -0.5570165
R -15.48437 0.1739476 0.8305014 -0.5570165
R -15.60927 0.1227198 0.8305014 -0.5570165
R -15.73417 0.07149197 0.8305014 -0.5570165
R -15.85908 0.02026417 0.8305014 -0.5570165
R -15.98398 -0.03096363 0.8305014 -0.5570165
R -16.10888 -0.08219143 0.8305014 -0.5570165
R -16.23396 -0.132983 0.8295281 -0.558465
R -16.36066 -0.1795995 0.8201548 -0.5721417
R -16.491 -0.214769 0.7938876 -0.6080646
R -16.62518 -0.2295845 0.7448975 -0.6671789
R -16.75909 -0.2124321 0.6606608 -0.7506846
R -16.88183 -0.1562355 0.5402448 -0.8415079
R -16.98372 -0.06766868 0.4146981 -0.9099591
R -17.06497 0.04014627 0.3173096 -0.948322
R -17.14413 0.149501 0.308192 -0.9513242
R -17.22329 0.2588558 0.308192 -0.9513242
R -17.30245 0.3682106 0.308192 -0.9513242
_R -17.30245 0.3682106 0.308192 -0.9513242
_R -17.30245 0.3682106 0.308192 -0.9513242
_R -17.30245 0.3682106 0.308192 -0.9513242
_R -17.30245 0.3682106 0.309022 -0.9510549
R -17.36852 0.4859392 0.2529188 -0.9674875
R -17.38777 0.6195588 0.0715028 -0.9974404
R -17.34628 0.7480245 0.1555672 0.9878253
R -17.24005 0.8313254 0.4375818 0.8991786
R -17.10591 0.8466092 0.6658778 0.7460608
R -16.97288 0.8236324 0.764918 0.6441277
R -16.84668 0.7756943 0.8231334 0.567848
R -16.72661 0.7139873 0.853548 0.5210142
R -16.60934 0.6471016 0.8647107 0.5022702
R -16.49387 0.5771692 0.8712112 0.4909084
R -16.38001 0.504635 0.8767241 0.4809936
R -16.26835 0.428755 0.8837631 0.4679347
R -16.16026 0.3478881 0.8941517 0.4477641
R -16.05639 0.2616556 0.9051959 0.4249947
R -15.95653 0.1708 0.9146048 0.404349
R -15.85959 0.0768529 0.9208433 0.3899328
R -15.76396 -0.01843867 0.923543 0.3834948
R -15.66833 -0.1137302 0.923543 0.3834948
R -15.57171 -0.2080152 0.9215225 0.3883251
R -15.47045 -0.2972912 0.9114009 0.4115196
R -15.35697 -0.3704205 0.8779802 0.4786969
R -15.22894 -0.4132551 0.8115706 0.5842543
R -15.09431 -0.4231407 0.732539 0.680725
R -14.96144 -0.3992327 0.6414453 0.7671688
R -14.83754 -0.3456164 0.5490181 0.8358105
R -14.72656 -0.2687624 0.4640643 0.8858016
R -14.62863 -0.1758334 0.3947387 0.9187934
R -14.53795 -0.0758238 0.3599916 0.9329556
R -14.45063 0.02713739 0.3444739 0.9387959
R -14.36404 0.1307056 0.3411948 0.9399926
R -14.27476 0.2319716 0.3534697 0.935446
R -14.17815 0.3262587 0.3883148 0.9215268
R -14.06991 0.4069393 0.4485343 0.8937656
R -13.95093 0.4707349 0.5135366 0.8580678
R -13.82585 0.5215265 0.5584648 0.8295283
R -13.69724 0.5625724 0.5898969 0.8074786
R -13.56747 0.5997848 0.6018107 0.7986388
R -13.43757 0.636544 0.6032037 0.7975872
R -13.30755 0.6728497 0.6045948 0.7965332
R -13.17691 0.7068804 0.6115229 0.7912268
R -13.04526 0.7367908 0.6238756 0.7815238
R -12.91261 0.7618572 0.6380921 0.76996
R -12.7787 0.7790123 0.6606531 0.7506913
R -12.64393 0.7867848 0.6864495 0.7271775
R -12.50893 0.7865505 0.70772 0.7064931
R -12.37414 0.779016 0.7265711 0.6870912
R -12.24 0.763735 0.7460539 0.6658856
_R 5.285275 3.726527 0.4313033 -0.902207
_R 5.285275 3.726527 0.4336639 -0.9010748