W 4.450273 5.750913 0.8804775 0.474088
W 4.500364 5.717885 0.8804775 0.474088
W 4.550455 5.684855 0.8804775 0.474088
W 4.600545 5.651827 0.8804775 0.474088
W 4.650636 5.618798 0.8804775 0.474088
W 4.700727 5.585769 0.8804775 0.474088
W 4.750818 5.55274 0.8804775 0.474088
W 4.800909 5.519711 0.8804775 0.474088
W 4.851 5.486682 0.8804775 0.474088
W 4.901091 5.453653 0.8804775 0.474088
W 4.951181 5.420625 0.8804775 0.474088
W 5.001272 5.387596 0.8804775 0.474088
W 5.051363 5.354567 0.8804775 0.474088
W 5.101511 5.321625 0.8800635 0.4748561
W 5.151774 5.288859 0.8792334 0.4763913
W 5.201517 5.255308 0.8829478 0.4694712
W 5.249054 5.218699 0.8972585 0.4415056
W 5.293713 5.178629 0.9131903 0.4075334
W 5.334479 5.134605 0.9310559 0.3648765
W 5.370337 5.086499 0.9491512 0.3148209
W 5.401597 5.035285 0.9626918 0.2706005
W 5.430135 4.982507 0.9694453 0.2453074
W 5.45904 4.929928 0.9685832 0.2486899
W 5.487945 4.87735 0.9685832 0.2486899
W 5.51685 4.824771 0.9685832 0.2486899
W 5.545756 4.772193 0.9685832 0.2486899
W 5.574661 4.719615 0.9685832 0.2486899
W 5.603566 4.667036 0.9685832 0.2486899
W 5.632472 4.614458 0.9685832 0.2486899
W 5.661376 4.56188 0.9685832 0.2486899
W 5.690282 4.509301 0.9685832 0.2486899
W 5.719187 4.456723 0.9685832 0.2486899
W 5.748092 4.404144 0.9685832 0.2486899
W 5.776998 4.351566 0.9685832 0.2486899
W 5.805811 4.298937 0.9687998 0.2478445
W 5.834348 4.246158 0.9694453 0.2453074
W 5.862886 4.193379 0.9694453 0.2453074
W 5.891423 4.1406 0.9694453 0.2453074
W 5.919868 4.087772 0.969659 0.2444614
W 5.948314 4.034943 0.969659 0.2444614
W 5.976667 3.982065 0.969872 0.243615
W 6.00502 3.929187 0.969872 0.243615
W 6.033373 3.876308 0.969872 0.243615
W 6.061726 3.82343 0.969872 0.243615
W 6.089894 3.770453 0.9702957 0.241922
W 6.117414 3.717136 0.9717554 0.2359901
W 6.143998 3.663347 0.9737779 0.227501
W 6.16926 3.608924 0.9764845 0.2155875
W 6.193377 3.553985 0.9786886 0.2053502
W 6.216241 3.498512 0.9809552 0.1942343
W 6.237743 3.442497 0.9832549 0.1822356
W 6.258264 3.386116 0.9848077 0.1736483
W 6.278687 3.329698 0.9849589 0.1727889
W 6.29911 3.273281 0.9849589 0.1727889
W 6.319532 3.216864 0.9849589 0.1727889
W 6.339955 3.160446 0.9849589 0.1727889
W 6.360378 3.104029 0.9849589 0.1727889
W 6.380604 3.047541 0.9852589 0.1710696
W 6.400435 2.990913 0.9858501 0.1676295
W 6.419175 2.933915 0.9874138 0.1581585
W 6.435915 2.876297 0.9900237 0.1409014
W 6.45043 2.818079 0.9925461 0.1218696
W 6.462904 2.75939 0.9945219 0.1045284
W 6.474456 2.700513 0.9953122 0.0967142
W 6.485493 2.641537 0.9957247 0.09237033
W 6.496324 2.582522 0.9958844 0.09063243
W 6.507155 2.523508 0.9958844 0.09063243
W 6.517986 2.464494 0.9958844 0.09063243
W 6.528817 2.405479 0.9958844 0.09063243
W 6.539855 2.346503 0.9957247 0.09237033
W 6.550891 2.287527 0.9957247 0.09237033
W 6.561928 2.228551 0.9957247 0.09237033
W 6.572966 2.169575 0.9957247 0.09237033
W 6.584002 2.110599 0.9957247 0.09237033
W 6.595039 2.051623 0.9957247 0.09237033
W 6.606077 1.992647 0.9957247 0.09237033
W 6.617114 1.93367 0.9957247 0.09237033
W 6.628151 1.874694 0.9957247 0.09237033
W 6.639085 1.815699 0.995805 0.09150141
W 6.648471 1.756438 0.9969174 0.07845896
W 6.655367 1.696835 0.9983419 0.05756385
W 6.658507 1.636918 0.9996573 0.02617664
W 6.655576 1.576989 0.9997015 -0.02443242
W 6.645467 1.517847 0.9964195 -0.08454749
W 6.629332 1.460057 0.9907479 -0.1357155
W 6.610691 1.403026 0.9875515 -0.1572962
W 6.592051 1.345995 0.9875515 -0.1572962
W 6.57341 1.288964 0.9875515 -0.1572962
W 6.55477 1.231933 0.9875515 -0.1572962
W 6.536129 1.174903 0.9875515 -0.1572962
W 6.517488 1.117872 0.9875515 -0.1572962
W 6.498848 1.060841 0.9875515 -0.1572962
W 6.480207 1.00381 0.9875515 -0.1572962
W 6.461467 0.9468115 0.9874138 -0.1581579
W 6.440455 0.8906112 0.9840408 -0.1779431
W 6.415288 0.8361445 0.9766724 -0.214735
W 6.383404 0.7853172 0.9610209 -0.2764757
W 6.344837 0.7393545 0.9396929 -0.3420196
W 6.299417 0.7001492 0.9092365 -0.4162799
W 6.25188 0.6635403 0.8972591 -0.4415046
W 6.204343 0.6269314 0.8972591 -0.4415046
W 6.156806 0.5903226 0.8972591 -0.4415046
W 6.109268 0.5537137 0.8972591 -0.4415046
W 6.061731 0.5171048 0.8972591 -0.4415046
W 6.014194 0.480496 0.8972591 -0.4415046
W 5.966656 0.4438871 0.8972591 -0.4415046
W 5.919183 0.4071954 0.8976439 -0.4407215
W 5.872488 0.3695174 0.9022101 -0.4312969
W 5.825926 0.3316767 0.9029614 -0.4297216
W 5.779363 0.2938359 0.9029614 -0.4297216
W 5.7328 0.2559952 0.9029614 -0.4297216
W 5.686172 0.2182358 0.9025861 -0.4305094
W 5.639412 0.1806394 0.9018334 -0.432084
W 5.591875 0.1440305 0.8972592 -0.4415042
W 5.543211 0.1089329 0.8902135 -0.4555434
W 5.493823 0.07486211 0.8853943 -0.4648407
W 5.443732 0.04183311 0.8804781 -0.4740869
W 5.393129 0.009594981 0.8767275 -0.4809875
W 5.342025 -0.02184437 0.872923 -0.4878579
W 5.290328 -0.05229687 0.8681998 -0.496215
W 5.23821 -0.08202457 0.8647143 -0.502264
W 5.185783 -0.1112049 0.8620726 -0.5067849
W 5.133205 -0.1401103 0.8607429 -0.5090399
W 5.080526 -0.168832 0.8598534 -0.5105411
W 5.027698 -0.1972776 0.8585139 -0.5127903
W 4.974623 -0.225261 0.8562684 -0.5165312
W 4.92121 -0.252594 0.8530972 -0.521752
W 4.867283 -0.2788966 0.8480497 -0.5299167
W 4.81286 -0.3041591 0.8429241 -0.5380326
W 4.757879 -0.3281804 0.8367661 -0.5475605
W 4.702446 -0.3511418 0.8314714 -0.5555676
W 4.646583 -0.3730347 0.8260999 -0.5635237
W 4.590346 -0.3939494 0.8211511 -0.5707108
W 4.533788 -0.4139782 0.8166435 -0.5771425
W 4.476989 -0.4333145 0.8131028 -0.5821202
W 4.419926 -0.451856 0.8090194 -0.587782
W 4.362609 -0.469599 0.8048964 -0.5934154
W 4.30505 -0.48654 0.8007342 -0.5990198
W 4.247205 -0.502474 0.7954765 -0.6059844
W 4.189038 -0.517193 0.7890871 -0.6142813
W 4.130529 -0.5304865 0.7815237 -0.6238756
W 4.071734 -0.5424492 0.7743961 -0.6327012
W 4.012682 -0.553075 0.7671691 -0.641445
W 3.953471 -0.562772 0.7621077 -0.6474503
W 3.894115 -0.5715377 0.756999 -0.653416
W 3.83467 -0.5796814 0.7535679 -0.6573701
W 3.775157 -0.5873061 0.7506924 -0.6606519
W 3.715604 -0.5946191 0.7489604 -0.6626148
W 3.656026 -0.6017242 0.7478029 -0.6639209
W 3.596436 -0.6087253 0.7472231 -0.6645734
W 3.536798 -0.6153102 0.7448987 -0.6671776
W 3.477116 -0.6214786 0.7425652 -0.6697738
W 3.417403 -0.6273344 0.7408092 -0.6717156
W 3.357659 -0.6328774 0.7390481 -0.6736527
W 3.297861 -0.6377946 0.7355108 -0.6775131
W 3.23798 -0.6415628 0.7289732 -0.6845422
W 3.178016 -0.6436576 0.7193447 -0.6946533
W 3.118016 -0.6438679 0.708345 -0.7058664
W 3.058037 -0.642298 0.6977955 -0.7162971
W 2.998104 -0.6394725 0.6902564 -0.7235649
W 2.938215 -0.6358104 0.685188 -0.7283663
W 2.878334 -0.6320438 0.6845521 -0.7289639
W 2.818459 -0.6281728 0.6839161 -0.7295607
W 2.758584 -0.6243017 0.6839161 -0.7295607
W 2.698709 -0.6204306 0.6839161 -0.7295607
W 2.638855 -0.6162461 0.6820039 -0.7313485
W 2.579065 -0.6112263 0.6768816 -0.736092
W 2.519394 -0.6049555 0.6691362 -0.7431399
W 2.459949 -0.5968134 0.6573805 -0.7535588
W 2.400879 -0.5862922 0.6421242 -0.7666006
W 2.342125 -0.5741258 0.6313585 -0.7754911
W 2.283436 -0.561652 0.629326 -0.7771414
W 2.224747 -0.5491782 0.629326 -0.7771414
W 2.166058 -0.5367044 0.629326 -0.7771414
W 2.107347 -0.5243329 0.6300039 -0.776592
W 2.048594 -0.5121666 0.6313583 -0.7754912
W 1.989756 -0.5004106 0.6340615 -0.7732826
W 1.930839 -0.4890658 0.6367573 -0.7710643
W 1.871901 -0.4778239 0.63743 -0.7705082
W 1.812964 -0.4665819 0.63743 -0.7705082
W 1.754007 -0.4554429 0.6381024 -0.7699516
W 1.69505 -0.4443038 0.6381024 -0.7699516
W 1.636093 -0.4331648 0.6381024 -0.7699516
W 1.577136 -0.4220258 0.6381024 -0.7699516
W 1.518179 -0.4108867 0.6381024 -0.7699516
W 1.459222 -0.3997477 0.6381024 -0.7699516
W 1.400265 -0.3886087 0.6381024 -0.7699516
W 1.341308 -0.3774696 0.6381024 -0.7699516
W 1.282351 -0.3663306 0.6381024 -0.7699516
W 1.223394 -0.3551916 0.6381024 -0.7699516
W 1.164437 -0.3440525 0.6381024 -0.7699516
W 1.10548 -0.3329135 0.6381024 -0.7699516
W 1.046523 -0.3217745 0.6381024 -0.7699516
W 0.9875662 -0.3106354 0.6381024 -0.7699516
W 0.9286093 -0.2994964 0.6381024 -0.7699516
W 0.8696523 -0.2883573 0.6381024 -0.7699516
W 0.8106953 -0.2772183 0.6381024 -0.7699516
W 0.7517383 -0.2660793 0.6381024 -0.7699516
W 0.6927813 -0.2549402 0.6381024 -0.7699516
W 0.6338243 -0.2438012 0.6381024 -0.7699516
W 0.5748674 -0.2326621 0.6381024 -0.7699516
W 0.5159104 -0.2215231 0.6381024 -0.7699516
W 0.4569341 -0.210487 0.6387741 -0.7693943
W 0.3979196 -0.1996568 0.6401163 -0.7682781
W 0.3388492 -0.1891359 0.6421255 -0.7665995
W 0.2796547 -0.1793374 0.6467968 -0.7626624
W 0.2202982 -0.1705735 0.6534278 -0.7569889
W 0.1607844 -0.1629509 0.6606646 -0.7506813
W 0.1010914 -0.1568887 0.670434 -0.7419692
W 0.04126819 -0.1522868 0.6794488 -0.7337229
W -0.01861997 -0.1486251 0.6851904 -0.728364
W -0.07852056 -0.1451725 0.6864607 -0.727167
W -0.1384211 -0.1417199 0.6864607 -0.727167
W -0.1983217 -0.1382673 0.6864607 -0.727167
W -0.258234 -0.1350238 0.6877289 -0.7259676
W -0.3181624 -0.1320941 0.6896273 -0.7241644
W -0.3781007 -0.1293736 0.6908901 -0.7229598
W -0.4380642 -0.1272809 0.694666 -0.7193325
W -0.4980488 -0.1259209 0.6990469 -0.7150759
W -0.5580443 -0.1251891 0.7027814 -0.7114059
W -0.6180429 -0.1247714 0.7046413 -0.7095637
W -0.6780428 -0.1246679 0.7064966 -0.7077165
W -0.7380425 -0.1248786 0.708347 -0.7058644
W -0.7980402 -0.1254034 0.7101926 -0.7040074
W -0.8580357 -0.1261376 0.7114203 -0.7027668
W -0.9180312 -0.1268719 0.7114203 -0.7027668
W -0.9780267 -0.1276061 0.7114203 -0.7027668
W -1.038022 -0.1283404 0.7114203 -0.7027668
W -1.098018 -0.1290746 0.7114203 -0.7027668
W -1.158013 -0.1298089 0.7114203 -0.7027668
W -1.218009 -0.1305432 0.7114203 -0.7027668
W -1.278004 -0.1312774 0.7114203 -0.7027668
W -1.338 -0.1320117 0.7114203 -0.7027668
W -1.397995 -0.1327459 0.7114203 -0.7027668
W -1.457991 -0.1334802 0.7114203 -0.7027668
W -1.517987 -0.1342144 0.7114203 -0.7027668
W -1.577982 -0.1349487 0.7114203 -0.7027668
W -1.637978 -0.1356829 0.7114203 -0.7027668
W -1.697973 -0.1364172 0.7114203 -0.7027668
W -1.757969 -0.1371514 0.7114203 -0.7027668
W -1.817964 -0.1378857 0.7114203 -0.7027668
W -1.87796 -0.13862 0.7114203 -0.7027668
W -1.937955 -0.1393542 0.7114203 -0.7027668
W -1.997951 -0.1400885 0.7114203 -0.7027668
W -2.057946 -0.1408227 0.7114203 -0.7027668
W -2.117943 -0.1414523 0.7108068 -0.7033873
W -2.177941 -0.1419772 0.7101929 -0.7040071
W -2.237938 -0.142502 0.7101929 -0.7040071
W -2.297937 -0.1429222 0.7095782 -0.7046267
W -2.357936 -0.1432376 0.708963 -0.7052457
W -2.417936 -0.1434484 0.7083475 -0.7058639
W -2.477936 -0.1434497 0.7071145 -0.707099
W -2.537935 -0.1432415 0.7058793 -0.7083322
W -2.597926 -0.1421957 0.7009173 -0.7132426
W -2.657893 -0.1402078 0.695294 -0.7187256
W -2.717817 -0.1371735 0.6889955 -0.7247656
W -2.777698 -0.1334075 0.6845558 -0.7289605
W -2.837559 -0.129328 0.682645 -0.7307502
W -2.897421 -0.1252485 0.682645 -0.7307502
W -2.957275 -0.1210645 0.6820069 -0.7313458
W -3.017106 -0.1165672 0.68009 -0.7331287
W -3.076868 -0.111235 0.6749552 -0.7378587
W -3.136529 -0.1048605 0.6684903 -0.7437209
W -3.196107 -0.09775759 0.6639346 -0.7477907
W -3.255552 -0.089616 0.6573837 -0.753556
W -3.31478 -0.0800245 0.6481287 -0.7615309
W -3.373698 -0.06868013 0.6367602 -0.771062
W -3.432137 -0.05508244 0.6218408 -0.7831437
W -3.489983 -0.03915048 0.605998 -0.7954661
W -3.547175 -0.02100967 0.5906155 -0.8069531
W -3.603485 -0.0002931897 0.5721561 -0.8201447
W -3.658426 0.02382231 0.5468432 -0.837235
W -3.711403 0.05198927 0.5150489 -0.8571608
W -3.761838 0.08449045 0.4787032 -0.8779768
W -3.809694 0.1206817 0.4454284 -0.8953176
W -3.854354 0.1607504 0.4075458 -0.9131848
W -3.895351 0.2045591 0.3673253 -0.9300925
_W -3.895351 0.2045591 0.3206257 -0.947206
_W -3.895351 0.2045591 0.2722926 -0.9622145
_W -3.895351 0.2045591 0.2138958 -0.9768565
_W -3.895351 0.2045591 0.1607555 -0.9869943
_W -3.895351 0.2045591 0.1365931 -0.9906272
_W -3.895351 0.2045591 0.1365931 -0.9906272
_W -3.895351 0.2045591 0.1365931 -0.9906272
_W -3.895351 0.2045591 0.1365931 -0.9906272
W -3.911589 0.2623202 0.1365931 -0.9906272
W -3.927826 0.3200813 0.1365931 -0.9906272
W -3.944064 0.3778423 0.1365931 -0.9906272
W -3.960301 0.4356034 0.1365931 -0.9906272
W -3.976539 0.4933645 0.1365931 -0.9906272
W -3.992776 0.5511256 0.1365931 -0.9906272
W -4.009014 0.6088867 0.1365931 -0.9906272
W -4.025252 0.6666477 0.1365931 -0.9906272
W -4.04149 0.7244088 0.1365931 -0.9906272
W -4.057323 0.7822818 0.1331343 -0.991098
W -4.072348 0.8403703 0.1262119 -0.9920033
W -4.085846 0.8988321 0.1132162 -0.9935704
W -4.097399 0.9577094 0.09672768 -0.9953109
W -4.106994 1.016937 0.08021256 -0.9967778
W -4.114619 1.076451 0.06367537 -0.9979707
W -4.120789 1.136133 0.05147843 -0.9986742
W -4.126019 1.195904 0.04363383 -0.9990476
W -4.13052 1.255735 0.03753011 -0.9992955
W -4.134498 1.315603 0.0331693 -0.9994498
W -4.138163 1.375491 0.03055255 -0.9995332
W -4.141618 1.435392 0.0288081 -0.999585
W -4.143923 1.495347 0.01921169 -0.9998155
W -4.144282 1.515111 0.00874118 -0.9999618
_W -4.144282 1.515111 0.0008580226 0.9999996
_W -4.144282 1.515111 0.006093974 0.9999815
_W -4.144282 1.515111 0.00696662 0.9999757
_W -4.144282 1.515111 0.00696662 0.9999757
_W -4.144282 1.515111 0.007839263 0.9999693
_W -4.144282 1.515111 0.0087119 0.9999621
_W -4.144282 1.515111 0.0087119 0.9999621
_W -4.144282 1.515111 0.0087119 0.9999621
_W -4.144282 1.515111 0.0087119 0.9999621
_W -4.144282 1.515111 0.0087119 0.9999621
_W -4.144282 1.515111 0.0087119 0.9999621
_W -4.144282 1.515111 0.0087119 0.9999621
_W -4.144282 1.515111 0.0087119 0.9999621
_W -4.144282 1.515111 0.0087119 0.9999621
_W -4.144282 1.515111 0.0087119 0.9999621
_W -4.144282 1.515111 0.0087119 0.9999621
_W -4.144282 1.515111 0.0087119 0.9999621
_W -4.144282 1.515111 0.0087119 0.9999621
_W -4.144282 1.515111 0.0087119 0.9999621
_W -4.144282 1.515111 0.0087119 0.9999621
E -4.144282 1.515111 0.0087119 0.9999621
E -4.144282 1.515111 0.0087119 0.9999621
E -4.144282 1.515111 0.0087119 0.9999621
E -4.144282 1.515111 0.0087119 0.9999621
E -4.144282 1.515111 0.0087119 0.9999621
E -4.144282 1.515111 0.0087119 0.9999621
E -4.144282 1.515111 0.0087119 0.9999621
E -4.144282 1.515111 0.0087119 0.9999621
E -4.144282 1.515111 0.0087119 0.9999621
E -4.144282 1.515111 0.0087119 0.9999621
E -4.144282 1.515111 0.0087119 0.9999621
E -4.144282 1.515111 0.0087119 0.9999621
E -4.144282 1.515111 0.0087119 0.9999621
E -4.144282 1.515111 0.0087119 0.9999621
E -4.144282 1.515111 0.0087119 0.9999621
E -4.144282 1.515111 0.0087119 0.9999621
E -4.144282 1.515111 0.0087119 0.9999621
E -4.144282 1.515111 0.0087119 0.9999621
E -4.144282 1.515111 0.0087119 0.9999621
E -4.144282 1.515111 0.0087119 0.9999621
E -4.144282 1.515111 0.0087119 0.9999621
E -4.144282 1.515111 0.0087119 0.9999621
E -4.144282 1.515111 0.0087119 0.9999621
E -4.144282 1.515111 0.0087119 0.9999621
E -4.144282 1.515111 0.0087119 0.9999621
E -4.144282 1.515111 0.0087119 0.9999621
E -4.144282 1.515111 0.0087119 0.9999621
E -4.144282 1.515111 0.0087119 0.9999621
E -4.144282 1.515111 0.0087119 0.9999621
E -4.144282 1.515111 0.0087119 0.9999621
E -4.144282 1.515111 0.0087119 0.9999621
E -4.144282 1.515111 0.0087119 0.9999621
E -4.144282 1.515111 0.0087119 0.9999621
E -4.144282 1.515111 0.0087119 0.9999621
E -4.144282 1.515111 0.0087119 0.9999621
E -4.144282 1.515111 0.0087119 0.9999621
E -4.144282 1.515111 0.0087119 0.9999621
E -4.144282 1.515111 0.0087119 0.9999621
E -4.144282 1.515111 0.0087119 0.9999621
E -4.144282 1.515111 0.0087119 0.9999621
_E -4.144282 1.515111 0.0087119 0.9999621
_E -4.144282 1.515111 0.0087119 0.9999621
_E -4.144282 1.515111 0.0087119 0.9999621
_E -4.144282 1.515111 0.0087119 0.9999621
_E -4.144282 1.515111 0.0087119 0.9999621
_E -4.144282 1.515111 0.0087119 0.9999621
_E -4.144282 1.515111 0.0087119 0.9999621
_E -4.144282 1.515111 0.006093981 0.9999815
_E -4.144282 1.515111 0.002632527 -0.9999965
_E -4.144282 1.515111 0.03055327 -0.9995331
_E -4.144282 1.515111 0.07847401 -0.9969162
_E -4.144282 1.515111 0.1435073 -0.9896493
_E -4.144282 1.515111 0.2198608 -0.9755313
_E -4.144282 1.515111 0.2998879 -0.9539745
_E -4.144282 1.515111 0.3802775 -0.9248725
_E -4.144282 1.515111 0.4563353 -0.8898079
_E -4.144282 1.515111 0.5336277 -0.8457195
_E -4.144282 1.515111 0.6094662 -0.792812
_E -4.144282 1.515111 0.6794532 -0.7337189
_E -4.144282 1.515111 0.7271852 -0.6864413
_E -4.144282 1.515111 0.746649 -0.6652182
_E -4.144282 1.515111 0.746649 -0.6652182
_E -4.144282 1.515111 0.746649 -0.6652182
_E -4.144282 1.515111 0.746649 -0.6652182
_E -4.144282 1.515111 0.746649 -0.6652182
_E -4.144282 1.515111 0.746649 -0.6652182
_E -4.144282 1.515111 0.746649 -0.6652182
_E -4.144282 1.515111 0.746649 -0.6652182
_E -4.144282 1.515111 0.746649 -0.6652182
_E -4.144282 1.515111 0.7454868 -0.6665204
_E -4.144282 1.515111 0.7541474 -0.6567053
_E -4.144282 1.515111 0.7732975 -0.6340434
_E -4.144282 1.515111 0.7906997 -0.6122043
_E -4.144282 1.515111 0.8017856 -0.5976117
R -4.272818 1.473838 0.8080001 -0.5891824
R -4.400915 1.431221 0.8110739 -0.5849437
R -4.528862 1.388157 0.8120938 -0.5835269
R -4.656809 1.345093 0.8120938 -0.5835269
R -4.784606 1.301583 0.8131111 -0.5821086
R -4.912095 1.257181 0.8151381 -0.5792667
R -5.039506 1.212557 0.8156433 -0.5785552
R -5.166917 1.167933 0.8156433 -0.5785552
R -5.294561 1.123977 0.8141259 -0.5806884
R -5.422657 1.08136 0.8110743 -0.5849431
R -5.551408 1.04076 0.8064555 -0.5912948
R -5.680914 1.002639 0.8007425 -0.5990087
R -5.811003 0.9665568 0.7960131 -0.6052794
R -5.941462 0.931839 0.792833 -0.609439
R -6.072042 0.8975767 0.7917685 -0.6108213
R -6.202799 0.8639986 0.7901667 -0.612892
R -6.333957 0.8320204 0.7864081 -0.6177073
R -6.465705 0.802566 0.7804425 -0.6252276
R -6.597947 0.7754154 0.7749568 -0.6320143
R -6.730329 0.7489575 0.7732996 -0.6340408
R -6.862756 0.7227306 0.772746 -0.6347154
R -6.99523 0.696735 0.7721917 -0.6353896
R -7.128137 0.6730553 0.7666177 -0.642104
R -7.261582 0.6526299 0.7587158 -0.6514218
R -7.395364 0.6345366 0.7530022 -0.6580181
R -7.529209 0.6169103 0.7518528 -0.659331
R -7.663053 0.599284 0.7518528 -0.659331
R -7.796897 0.5816577 0.7518528 -0.659331
R -7.930802 0.5644988 0.7507008 -0.6606424
R -8.064907 0.5489771 0.7466511 -0.6652158
R -8.199286 0.5360326 0.7402314 -0.6723522
R -8.333922 0.52614 0.7325566 -0.6807061
R -8.468656 0.5176579 0.7289823 -0.6845325
R -8.603417 0.5096462 0.7277865 -0.6858037
R -8.738194 0.5018696 0.7271879 -0.6864385
R -8.872983 0.4943281 0.7265887 -0.6870726
R -9.007772 0.4867867 0.7265887 -0.6870726
R -9.142562 0.4792453 0.7265887 -0.6870726
R -9.277351 0.4717039 0.7265887 -0.6870726
R -9.412141 0.4641625 0.7265887 -0.6870726
R -9.54693 0.4566211 0.7265887 -0.6870726
R -9.68172 0.4490796 0.7265887 -0.6870726
R -9.816509 0.4415382 0.7265887 -0.6870726
R -9.951299 0.4339968 0.7265887 -0.6870726
R -10.08609 0.4264554 0.7265887 -0.6870726
R -10.22088 0.418914 0.7265887 -0.6870726
R -10.35567 0.4113725 0.7265887 -0.6870726
R -10.49047 0.4040664 0.7259889 -0.6877064
R -10.62534 0.3981722 0.7223781 -0.6914983
R -10.76029 0.3946327 0.7163165 -0.6977755
R -10.89528 0.3925066 0.7126531 -0.7015167
R -11.03027 0.3910873 0.7108142 -0.7033799
R -11.16527 0.3903748 0.7089701 -0.7052386
R -11.30027 0.3906049 0.7065042 -0.7077089
R -11.43526 0.3917774 0.7040293 -0.7101709
R -11.57025 0.3934211 0.7027888 -0.7113985
R -11.70524 0.3953004 0.702168 -0.7120114
R -11.84023 0.3971796 0.702168 -0.7120114
R -11.97521 0.3995299 0.7009245 -0.7132356
R -12.11018 0.4021159 0.7003018 -0.7138469
R -12.24515 0.4049374 0.6996784 -0.7144579
R -12.38012 0.4077589 0.6996784 -0.7144579
R -12.51509 0.4105805 0.6996784 -0.7144579
R -12.65006 0.4136375 0.6990547 -0.7150682
R -12.785 0.4176368 0.6965544 -0.717504
R -12.91992 0.4223425 0.6946735 -0.7193252
R -13.05482 0.4275192 0.693417 -0.7205366
R -13.1897 0.4331667 0.6921583 -0.7217457
R -13.32456 0.4392851 0.6908975 -0.7229527
R -13.45941 0.4456388 0.6902664 -0.7235553
R -13.59426 0.4519925 0.6902664 -0.7235553
R -13.7291 0.4585816 0.6896346 -0.7241575
R -13.8639 0.4658766 0.6877365 -0.7259604
R -13.99865 0.4741125 0.6851982 -0.7283567
R -14.13327 0.4842289 0.6800968 -0.7331223
R -14.26763 0.4973969 0.6717362 -0.7407905
R -14.40138 0.5157129 0.6573913 -0.7535494
R -14.53353 0.5433142 0.6306923 -0.776033
R -14.66249 0.5832293 0.5934361 -0.8048811
_R -14.66249 0.5832293 0.5431927 -0.839608
_R -14.66249 0.5832293 0.4764114 -0.8792225
_R -14.66249 0.5832293 0.3907518 -0.9204961
_R -14.66249 0.5832293 0.2948962 -0.9555293
_R -14.66249 0.5832293 0.2156098 -0.9764796
_R -14.66249 0.5832293 0.1779662 -0.9840366
_R -14.66249 0.5832293 0.1771072 -0.9841916
_R -14.66249 0.5832293 0.1771072 -0.9841916
_R -14.66249 0.5832293 0.1771072 -0.9841916
_R -14.66249 0.5832293 0.1771072 -0.9841916
_R -14.66249 0.5832293 0.1771072 -0.9841916
_R -14.66249 0.5832293 0.1771072 -0.9841916
_R -14.66249 0.5832293 0.1771072 -0.9841916
_R -14.66249 0.5832293 0.1771072 -0.9841916
_R -14.66249 0.5832293 0.1874033 -0.9822831
_R -14.66249 0.5832293 0.1942568 -0.9809507
_R -14.66249 0.5832293 0.1951128 -0.9807808
_R -14.66249 0.5832293 0.1934006 -0.9811199
_R -14.66249 0.5832293 0.1916877 -0.981456
_R -14.66249 0.5832293 0.1916877 -0.981456
_R -14.66249 0.5832293 0.1916877 -0.981456
W -14.68497 0.6388593 0.1908312 -0.9816229
W -14.70745 0.6944894 0.1908312 -0.9816229
W -14.72993 0.7501194 0.1908312 -0.9816229
W -14.75222 0.8058275 0.1891178 -0.9819545
W -14.77421 0.8616515 0.1865463 -0.9824462
W -14.79581 0.9176278 0.1831158 -0.9830914
W -14.81673 0.9738637 0.1771072 -0.9841916
W -14.83705 1.030316 0.1719516 -0.9851054
W -14.85689 1.086943 0.1676515 -0.9858463
W -14.87603 1.143808 0.1616265 -0.986852
W -14.89427 1.200967 0.1538709 -0.988091
W -14.91192 1.258314 0.1486958 -0.988883
W -14.92926 1.315752 0.1461067 -0.9892688
W -14.94651 1.37322 0.1452434 -0.989396
W -14.96365 1.430719 0.14438 -0.9895223
W -14.98079 1.488218 0.14438 -0.9895223
W -14.99784 1.545746 0.1435163 -0.989648
W -15.01478 1.603304 0.1426526 -0.9897728
W -15.03152 1.660921 0.140925 -0.9900203
W -15.04776 1.718682 0.1366037 -0.9906258
W -15.0633 1.776636 0.13055 -0.9914417
W -15.07802 1.834802 0.1236257 -0.9923289
W -15.09203 1.893144 0.1175617 -0.9930656
W -15.10522 1.951675 0.110626 -0.9938622
W -15.11688 2.010532 0.09760732 -0.995225
_W -15.11688 2.010532 0.08544187 -0.9963432
_W -15.11688 2.010532 0.07500361 -0.9971833
W -15.12481 2.070005 0.06629861 -0.9977999
_W -15.12481 2.070005 0.05933104 -0.9982384
_W -15.12481 2.070005 0.0532322 -0.9985822
_W -15.12481 2.070005 0.0488746 -0.9988049
_W -15.12481 2.070005 0.04625949 -0.9989295
_W -15.12481 2.070005 0.04451607 -0.9990087
