 19.94 0.1 0.7253759 -0.6883529
 19.94 0.1 0.7253759 -0.6883529
 19.94 0.1 0.7253759 -0.6883529
 19.94 0.1 0.7253759 -0.6883529
 19.94 0.1 0.7253759 -0.6883529
 19.94 0.1 0.7253759 -0.6883529
W 19.88008 0.09685958 0.7253759 -0.6883529
W 19.82017 0.09371916 0.7253759 -0.6883529
W 19.76025 0.09057874 0.7253759 -0.6883529
W 19.70033 0.08743832 0.7253759 -0.6883529
W 19.64041 0.0842979 0.7253759 -0.6883529
W 19.5805 0.08115748 0.7253759 -0.6883529
W 19.52058 0.07801706 0.7253759 -0.6883529
W 19.46066 0.07487664 0.7253759 -0.6883529
W 19.40074 0.07173622 0.7253759 -0.6883529
W 19.34083 0.0685958 0.7253759 -0.6883529
W 19.28091 0.06545538 0.7253759 -0.6883529
W 19.22099 0.06231496 0.7253759 -0.6883529
W 19.16107 0.05917454 0.7253759 -0.6883529
W 19.10116 0.05603411 0.7253759 -0.6883529
W 19.04124 0.05289369 0.7253759 -0.6883529
W 18.98132 0.04975327 0.7253759 -0.6883529
W 18.9214 0.04661284 0.7253759 -0.6883529
W 18.86149 0.04347242 0.7253759 -0.6883529
W 18.80157 0.040332 0.7253759 -0.6883529
W 18.74165 0.03719157 0.7253759 -0.6883529
W 18.68173 0.03405115 0.7253759 -0.6883529
W 18.6218 0.03122451 0.7235712 -0.6902497
W 18.56184 0.02902562 0.7199473 -0.6940287
W 18.50186 0.02766409 0.7150847 -0.6990378
W 18.44186 0.02714019 0.7101872 -0.7040129
W 18.38186 0.02703516 0.7077254 -0.7064877
W 18.32186 0.02703484 0.7071086 -0.7071049
W 18.26186 0.02713924 0.7064914 -0.7077217
W 18.20186 0.02724363 0.7064914 -0.7077217
W 18.14186 0.02734803 0.7064914 -0.7077217
W 18.08186 0.02745242 0.7064914 -0.7077217
W 18.02186 0.02755682 0.7064914 -0.7077217
W 17.96186 0.02766122 0.7064914 -0.7077217
W 17.90187 0.02776561 0.7064914 -0.7077217
W 17.84187 0.02787001 0.7064914 -0.7077217
W 17.78187 0.0279744 0.7064914 -0.7077217
W 17.72187 0.0280788 0.7064914 -0.7077217
W 17.66187 0.02818319 0.7064914 -0.7077217
W 17.60187 0.02828759 0.7064914 -0.7077217
W 17.54187 0.02839199 0.7064914 -0.7077217
W 17.48187 0.02849638 0.7064914 -0.7077217
W 17.42187 0.02860078 0.7064914 -0.7077217
W 17.36187 0.02860046 0.7071086 -0.7071049
W 17.30187 0.02880961 0.7058733 -0.7083381
W 17.24187 0.02933291 0.7040164 -0.7101837
W 17.18188 0.02996092 0.7033964 -0.7107977
W 17.12188 0.03058894 0.7033964 -0.7107977
W 17.06188 0.03121695 0.7033964 -0.7107977
W 17.00188 0.03194967 0.702776 -0.7114113
W 16.94189 0.03278709 0.7021549 -0.7120243
W 16.8819 0.03372924 0.7015331 -0.7126368
W 16.82191 0.03467139 0.7015331 -0.7126368
W 16.76192 0.03561354 0.7015331 -0.7126368
W 16.70192 0.03655569 0.7015331 -0.7126368
W 16.64193 0.03749783 0.7015331 -0.7126368
W 16.58194 0.03843998 0.7015331 -0.7126368
W 16.52195 0.03938213 0.7015331 -0.7126368
W 16.46196 0.04032428 0.7015331 -0.7126368
W 16.40196 0.04126643 0.7015331 -0.7126368
W 16.34197 0.04220857 0.7015331 -0.7126368
W 16.28198 0.04315072 0.7015331 -0.7126368
W 16.22199 0.04419757 0.700911 -0.7132488
W 16.162 0.04545378 0.6996653 -0.7144707
W 16.10202 0.04702407 0.6977924 -0.7163001
W 16.04205 0.04869901 0.6971673 -0.7169086
W 15.98207 0.05037394 0.6971673 -0.7169086
W 15.92209 0.05204888 0.6971673 -0.7169086
W 15.86212 0.05372381 0.6971673 -0.7169086
W 15.80214 0.05539875 0.6971673 -0.7169086
W 15.74216 0.05707368 0.6971673 -0.7169086
W 15.68219 0.05874862 0.6971673 -0.7169086
W 15.62221 0.06042355 0.6971673 -0.7169086
W 15.56223 0.06209849 0.6971673 -0.7169086
W 15.50226 0.06377342 0.6971673 -0.7169086
W 15.44228 0.06544836 0.6971673 -0.7169086
W 15.38231 0.06712329 0.6971673 -0.7169086
W 15.32233 0.06879823 0.6971673 -0.7169086
W 15.26235 0.07047316 0.6971673 -0.7169086
W 15.20238 0.0721481 0.6971673 -0.7169086
W 15.1424 0.07382303 0.6971673 -0.7169086
W 15.08242 0.07549797 0.6971673 -0.7169086
W 15.02245 0.07717291 0.6971673 -0.7169086
W 14.96247 0.07884784 0.6971673 -0.7169086
W 14.90249 0.08052278 0.6971673 -0.7169086
W 14.84252 0.08219771 0.6971673 -0.7169086
W 14.78254 0.08387265 0.6971673 -0.7169086
W 14.72256 0.08554758 0.6971673 -0.7169086
W 14.66259 0.08722252 0.6971673 -0.7169086
W 14.60261 0.08889745 0.6971673 -0.7169086
W 14.54263 0.09057239 0.6971673 -0.7169086
W 14.48266 0.09224732 0.6971673 -0.7169086
W 14.42268 0.09392226 0.6971673 -0.7169086
W 14.3627 0.09559719 0.6971673 -0.7169086
W 14.30273 0.09727213 0.6971673 -0.7169086
W 14.24275 0.09894706 0.6971673 -0.7169086
W 14.18277 0.100622 0.6971673 -0.7169086
W 14.1228 0.1022969 0.6971673 -0.7169086
W 14.06282 0.1039719 0.6971673 -0.7169086
W 14.00284 0.1056468 0.6971673 -0.7169086
W 13.94287 0.1073217 0.6971673 -0.7169086
W 13.88289 0.1089967 0.6971673 -0.7169086
W 13.82291 0.1106716 0.6971673 -0.7169086
W 13.76294 0.1123465 0.6971673 -0.7169086
W 13.70296 0.1140215 0.6971673 -0.7169086
W 13.64298 0.1156964 0.6971673 -0.7169086
W 13.58301 0.1173714 0.6971673 -0.7169086
W 13.52303 0.1190463 0.6971673 -0.7169086
W 13.46305 0.1207212 0.6971673 -0.7169086
W 13.40308 0.1223962 0.6971673 -0.7169086
W 13.3431 0.1240711 0.6971673 -0.7169086
W 13.28312 0.125746 0.6971673 -0.7169086
W 13.22315 0.127421 0.6971673 -0.7169086
W 13.16317 0.1290959 0.6971673 -0.7169086
W 13.1032 0.1307708 0.6971673 -0.7169086
W 13.04322 0.1324458 0.6971673 -0.7169086
W 12.98324 0.1341207 0.6971673 -0.7169086
W 12.92327 0.1357956 0.6971673 -0.7169086
W 12.86329 0.1374706 0.6971673 -0.7169086
W 12.80331 0.1391455 0.6971673 -0.7169086
W 12.74334 0.1408204 0.6971673 -0.7169086
W 12.68336 0.1424954 0.6971673 -0.7169086
W 12.62338 0.1441703 0.6971673 -0.7169086
W 12.56341 0.1458452 0.6971673 -0.7169086
W 12.50343 0.1475202 0.6971673 -0.7169086
W 12.44345 0.1491951 0.6971673 -0.7169086
W 12.38348 0.1508701 0.6971673 -0.7169086
W 12.3235 0.152545 0.6971673 -0.7169086
W 12.26352 0.1542199 0.6971673 -0.7169086
W 12.20355 0.1558949 0.6971673 -0.7169086
W 12.14357 0.1575698 0.6971673 -0.7169086
W 12.08359 0.1592447 0.6971673 -0.7169086
W 12.02362 0.1609197 0.6971673 -0.7169086
W 11.96364 0.1625946 0.6971673 -0.7169086
W 11.90366 0.1642695 0.6971673 -0.7169086
W 11.84369 0.1659445 0.6971673 -0.7169086
W 11.78371 0.1676194 0.6971673 -0.7169086
W 11.72373 0.1692943 0.6971673 -0.7169086
W 11.66375 0.1708646 0.6977925 -0.7162999
W 11.60377 0.1721207 0.699666 -0.7144701
W 11.54377 0.1730627 0.7015343 -0.7126357
W 11.48378 0.1738998 0.7021562 -0.7120229
W 11.42379 0.174737 0.7021562 -0.7120229
W 11.36379 0.1755742 0.7021562 -0.7120229
W 11.3038 0.1764114 0.7021562 -0.7120229
W 11.24381 0.1772486 0.7021562 -0.7120229
W 11.18381 0.1780858 0.7021562 -0.7120229
W 11.12382 0.178923 0.7021562 -0.7120229
W 11.06382 0.1797602 0.7021562 -0.7120229
W 11.00383 0.1805974 0.7021562 -0.7120229
W 10.94384 0.1814346 0.7021562 -0.7120229
W 10.88384 0.1822718 0.7021562 -0.7120229
W 10.82385 0.183109 0.7021562 -0.7120229
W 10.76386 0.1839461 0.7021562 -0.7120229
W 10.70386 0.1847833 0.7021562 -0.7120229
W 10.64387 0.1856205 0.7021562 -0.7120229
W 10.58387 0.1864577 0.7021562 -0.7120229
W 10.52388 0.1872949 0.7021562 -0.7120229
W 10.46389 0.1881321 0.7021562 -0.7120229
W 10.40389 0.1889693 0.7021562 -0.7120229
W 10.3439 0.1898065 0.7021562 -0.7120229
W 10.28391 0.1906437 0.7021562 -0.7120229
W 10.22391 0.1914809 0.7021562 -0.7120229
W 10.16392 0.1923181 0.7021562 -0.7120229
W 10.10392 0.1931553 0.7021562 -0.7120229
W 10.04393 0.1939925 0.7021562 -0.7120229
W 9.983937 0.1948296 0.7021562 -0.7120229
W 9.923944 0.1956668 0.7021562 -0.7120229
W 9.86395 0.196504 0.7021562 -0.7120229
W 9.803956 0.1973412 0.7021562 -0.7120229
W 9.743962 0.1981784 0.7021562 -0.7120229
W 9.683969 0.1990156 0.7021562 -0.7120229
W 9.623975 0.1998528 0.7021562 -0.7120229
W 9.563981 0.20069 0.7021562 -0.7120229
W 9.503987 0.2015272 0.7021562 -0.7120229
W 9.443994 0.2023644 0.7021562 -0.7120229
W 9.384 0.2032016 0.7021562 -0.7120229
W 9.324006 0.2040388 0.7021562 -0.7120229
W 9.264012 0.2048759 0.7021562 -0.7120229
W 9.204019 0.2057131 0.7021562 -0.7120229
W 9.144025 0.2065503 0.7021562 -0.7120229
W 9.084031 0.2073875 0.7021562 -0.7120229
W 9.024037 0.2082247 0.7021562 -0.7120229
W 8.964044 0.2090619 0.7021562 -0.7120229
W 8.90405 0.2098991 0.7021562 -0.7120229
W 8.844056 0.2107363 0.7021562 -0.7120229
W 8.784062 0.2115735 0.7021562 -0.7120229
W 8.724069 0.2124107 0.7021562 -0.7120229
W 8.664075 0.2132479 0.7021562 -0.7120229
W 8.604081 0.2140851 0.7021562 -0.7120229
W 8.544087 0.2149222 0.7021562 -0.7120229
W 8.484094 0.2157594 0.7021562 -0.7120229
W 8.4241 0.2165966 0.7021562 -0.7120229
W 8.364106 0.2174338 0.7021562 -0.7120229
W 8.304112 0.218271 0.7021562 -0.7120229
W 8.244119 0.2191082 0.7021562 -0.7120229
W 8.184125 0.2199454 0.7021562 -0.7120229
W 8.124131 0.2207826 0.7021562 -0.7120229
W 8.064137 0.2216198 0.7021562 -0.7120229
W 8.004144 0.222457 0.7021562 -0.7120229
W 7.944149 0.2232942 0.7021562 -0.7120229
W 7.884155 0.2241314 0.7021562 -0.7120229
W 7.824161 0.2249686 0.7021562 -0.7120229
W 7.764167 0.2258057 0.7021562 -0.7120229
W 7.704173 0.2266429 0.7021562 -0.7120229
W 7.644178 0.2274801 0.7021562 -0.7120229
W 7.584184 0.2283173 0.7021562 -0.7120229
W 7.52419 0.2291545 0.7021562 -0.7120229
W 7.464196 0.2299917 0.7021562 -0.7120229
W 7.404202 0.2308289 0.7021562 -0.7120229
W 7.344207 0.2316661 0.7021562 -0.7120229
W 7.284213 0.2325033 0.7021562 -0.7120229
W 7.224219 0.2333405 0.7021562 -0.7120229
W 7.164225 0.2341777 0.7021562 -0.7120229
W 7.10423 0.2350149 0.7021562 -0.7120229
W 7.044236 0.235852 0.7021562 -0.7120229
W 6.984242 0.2366892 0.7021562 -0.7120229
W 6.924248 0.2375264 0.7021562 -0.7120229
W 6.864254 0.2383636 0.7021562 -0.7120229
W 6.804259 0.2392008 0.7021562 -0.7120229
W 6.744265 0.240038 0.7021562 -0.7120229
W 6.684271 0.2408752 0.7021562 -0.7120229
W 6.624277 0.2417124 0.7021562 -0.7120229
W 6.564282 0.2425496 0.7021562 -0.7120229
W 6.504288 0.2433868 0.7021562 -0.7120229
W 6.444294 0.244224 0.7021562 -0.7120229
W 6.3843 0.2450612 0.7021562 -0.7120229
W 6.324306 0.2458984 0.7021562 -0.7120229
W 6.264311 0.2467355 0.7021562 -0.7120229
W 6.204317 0.2475727 0.7021562 -0.7120229
W 6.144323 0.2484099 0.7021562 -0.7120229
W 6.084329 0.2492471 0.7021562 -0.7120229
W 6.024334 0.2500843 0.7021562 -0.7120229
W 5.96434 0.2509215 0.7021562 -0.7120229
W 5.904346 0.2517587 0.7021562 -0.7120229
W 5.844352 0.2525959 0.7021562 -0.7120229
W 5.784358 0.2534331 0.7021562 -0.7120229
W 5.724363 0.2542703 0.7021562 -0.7120229
W 5.664369 0.2551076 0.7021562 -0.7120229
W 5.604375 0.2559448 0.7021562 -0.7120229
W 5.544381 0.256782 0.7021562 -0.7120229
W 5.484386 0.2576192 0.7021562 -0.7120229
W 5.424392 0.2584564 0.7021562 -0.7120229
W 5.364398 0.2592936 0.7021562 -0.7120229
W 5.304404 0.2601308 0.7021562 -0.7120229
W 5.24441 0.260968 0.7021562 -0.7120229
W 5.184415 0.2618052 0.7021562 -0.7120229
W 5.124421 0.2626424 0.7021562 -0.7120229
W 5.064427 0.2634796 0.7021562 -0.7120229
W 5.004433 0.2643168 0.7021562 -0.7120229
W 4.944438 0.265154 0.7021562 -0.7120229
W 4.884444 0.2659912 0.7021562 -0.7120229
W 4.82445 0.2668284 0.7021562 -0.7120229
W 4.764456 0.2676657 0.7021562 -0.7120229
W 4.704462 0.2685029 0.7021562 -0.7120229
W 4.644467 0.2693401 0.7021562 -0.7120229
W 4.584473 0.2701773 0.7021562 -0.7120229
W 4.524479 0.2710145 0.7021562 -0.7120229
W 4.464485 0.2718517 0.7021562 -0.7120229
W 4.40449 0.2726889 0.7021562 -0.7120229
W 4.344496 0.2735261 0.7021562 -0.7120229
W 4.284502 0.2743633 0.7021562 -0.7120229
W 4.224508 0.2752005 0.7021562 -0.7120229
W 4.164514 0.2760377 0.7021562 -0.7120229
W 4.104519 0.2768749 0.7021562 -0.7120229
W 4.044525 0.2777121 0.7021562 -0.7120229
W 3.984531 0.2785493 0.7021562 -0.7120229
W 3.924537 0.2793866 0.7021562 -0.7120229
W 3.864542 0.2802238 0.7021562 -0.7120229
W 3.804548 0.281061 0.7021562 -0.7120229
W 3.744554 0.2818982 0.7021562 -0.7120229
W 3.68456 0.2827354 0.7021562 -0.7120229
W 3.624566 0.2835726 0.7021562 -0.7120229
W 3.564571 0.2844098 0.7021562 -0.7120229
W 3.504577 0.285247 0.7021562 -0.7120229
W 3.444583 0.2860842 0.7021562 -0.7120229
W 3.384589 0.2869214 0.7021562 -0.7120229
W 3.324594 0.2877586 0.7021562 -0.7120229
W 3.2646 0.2885958 0.7021562 -0.7120229
W 3.204606 0.289433 0.7021562 -0.7120229
W 3.144612 0.2902702 0.7021562 -0.7120229
W 3.084618 0.2911074 0.7021562 -0.7120229
W 3.024623 0.2919447 0.7021562 -0.7120229
W 2.964629 0.2927819 0.7021562 -0.7120229
W 2.904635 0.2936191 0.7021562 -0.7120229
W 2.844641 0.2944563 0.7021562 -0.7120229
W 2.784647 0.2952935 0.7021562 -0.7120229
W 2.724652 0.2961307 0.7021562 -0.7120229
W 2.664658 0.2969679 0.7021562 -0.7120229
W 2.604664 0.2978051 0.7021562 -0.7120229
W 2.54467 0.2986423 0.7021562 -0.7120229
W 2.484675 0.2994795 0.7021562 -0.7120229
W 2.424681 0.3003167 0.7021562 -0.7120229
W 2.364687 0.3011539 0.7021562 -0.7120229
W 2.304693 0.3019911 0.7021562 -0.7120229
W 2.244699 0.3028283 0.7021562 -0.7120229
W 2.184704 0.3036655 0.7021562 -0.7120229
W 2.12471 0.3045028 0.7021562 -0.7120229
W 2.064716 0.30534 0.7021562 -0.7120229
W 2.004722 0.3061772 0.7021562 -0.7120229
W 1.944728 0.3070144 0.7021562 -0.7120229
W 1.884733 0.3078516 0.7021562 -0.7120229
W 1.824739 0.3086888 0.7021562 -0.7120229
W 1.764745 0.309526 0.7021562 -0.7120229
W 1.704751 0.3103632 0.7021562 -0.7120229
W 1.644757 0.3112004 0.7021562 -0.7120229
W 1.584763 0.3120376 0.7021562 -0.7120229
W 1.524769 0.3128748 0.7021562 -0.7120229
W 1.464775 0.313712 0.7021562 -0.7120229
W 1.404781 0.3145492 0.7021562 -0.7120229
W 1.344787 0.3153864 0.7021562 -0.7120229
W 1.284792 0.3162237 0.7021562 -0.7120229
W 1.224798 0.3170609 0.7021562 -0.7120229
W 1.164804 0.3178981 0.7021562 -0.7120229
W 1.10481 0.3187353 0.7021562 -0.7120229
W 1.044816 0.3195725 0.7021562 -0.7120229
W 0.9848219 0.3204097 0.7021562 -0.7120229
W 0.9248277 0.3212469 0.7021562 -0.7120229
W 0.8648335 0.3220841 0.7021562 -0.7120229
W 0.8048394 0.3229213 0.7021562 -0.7120229
W 0.7448452 0.3237585 0.7021562 -0.7120229
W 0.6848511 0.3245957 0.7021562 -0.7120229
W 0.6248569 0.3254329 0.7021562 -0.7120229
W 0.5648627 0.3262701 0.7021562 -0.7120229
W 0.5048686 0.3271073 0.7021562 -0.7120229
W 0.4448744 0.3279445 0.7021562 -0.7120229
W 0.3848802 0.3287818 0.7021562 -0.7120229
W 0.3248861 0.329619 0.7021562 -0.7120229
W 0.2648919 0.3304562 0.7021562 -0.7120229
W 0.2048978 0.3312934 0.7021562 -0.7120229
W 0.1449036 0.3321306 0.7021562 -0.7120229
W 0.08490944 0.3329678 0.7021562 -0.7120229
W 0.02491857 0.3340144 0.7009125 -0.7132472
W -0.035066 0.3353751 0.6990428 -0.7150798
W -0.09504262 0.3370498 0.6971683 -0.7169076
W -0.1549943 0.3394572 0.6927761 -0.7211528
W -0.2149121 0.3425968 0.6883578 -0.7253714
W -0.2748244 0.345841 0.6877246 -0.7259717
W -0.3347308 0.3491897 0.6870908 -0.7265716
W -0.3946373 0.3525385 0.6870908 -0.7265716
W -0.4545438 0.3558872 0.6870908 -0.7265716
W -0.5144503 0.3592359 0.6870908 -0.7265716
W -0.5743567 0.3625847 0.6870908 -0.7265716
W -0.6342632 0.3659334 0.6870908 -0.7265716
W -0.6941697 0.3692822 0.6870908 -0.7265716
W -0.7540762 0.3726309 0.6870908 -0.7265716
W -0.8139827 0.3759796 0.6870908 -0.7265716
W -0.8738891 0.3793284 0.6870908 -0.7265716
W -0.9337956 0.3826771 0.6870908 -0.7265716
W -0.9937021 0.3860258 0.6870908 -0.7265716
W -1.053609 0.3893746 0.6870908 -0.7265716
W -1.113515 0.3927233 0.6870908 -0.7265716
W -1.173422 0.3960721 0.6870908 -0.7265716
W -1.233328 0.3994208 0.6870908 -0.7265716
W -1.293234 0.4027695 0.6870908 -0.7265716
W -1.353141 0.4061183 0.6870908 -0.7265716
W -1.413047 0.409467 0.6870908 -0.7265716
W -1.472954 0.4128157 0.6870908 -0.7265716
W -1.53286 0.4161645 0.6870908 -0.7265716
W -1.592761 0.4196178 0.6864566 -0.7271708
W -1.652649 0.4232801 0.6851864 -0.7283678
W -1.712503 0.4274649 0.6820018 -0.7313505
W -1.77231 0.4322763 0.6781632 -0.7349113
W -1.832072 0.4376094 0.6749501 -0.7378634
W -1.891786 0.4434638 0.671724 -0.7408015
W -1.951457 0.449735 0.669134 -0.7431418
W -2.011118 0.4561103 0.6684851 -0.7437255
W -2.070778 0.4624856 0.6684851 -0.7437255
W -2.130439 0.4688609 0.6684851 -0.7437255
W -2.190099 0.4752362 0.6684851 -0.7437255
W -2.249759 0.4816115 0.6684851 -0.7437255
W -2.30942 0.4879868 0.6684851 -0.7437255
W -2.36908 0.4943621 0.6684851 -0.7437255
W -2.428741 0.5007375 0.6684851 -0.7437255
W -2.488401 0.5071128 0.6684851 -0.7437255
W -2.548062 0.5134881 0.6684851 -0.7437255
W -2.607722 0.5198634 0.6684851 -0.7437255
W -2.667348 0.526551 0.6665359 -0.745473
W -2.726901 0.5338627 0.6626233 -0.7489528
W -2.78636 0.5419013 0.6580358 -0.7529866
W -2.845747 0.5504585 0.6547443 -0.7558505
W -2.905025 0.5597405 0.650115 -0.7598359
W -2.964184 0.5697461 0.6454614 -0.7637929
W -3.023122 0.5809883 0.6374278 -0.7705101
W -3.08156 0.5945868 0.6218355 -0.7831479
W -3.139462 0.6103175 0.6073803 -0.7944112
W -3.19684 0.6278591 0.5948275 -0.8038534
W -3.253706 0.646996 0.5835459 -0.8120802
W -3.30998 0.6678115 0.5714348 -0.8206475
W -3.365651 0.6901901 0.5599214 -0.8285457
W -3.420591 0.7143063 0.5468379 -0.8372386
W -3.474746 0.7401363 0.53362 -0.8457243
W -3.527821 0.7681187 0.516539 -0.8562638
W -3.579678 0.7982993 0.4984933 -0.8668936
W -3.629884 0.8311524 0.4756297 -0.8796456
W -3.678302 0.8665882 0.4524404 -0.8917947
W -3.7246 0.9047523 0.4265744 -0.9044525
W -3.767906 0.9462804 0.392343 -0.919819
W -3.808903 0.9900895 0.3673192 -0.930095
W -3.847069 1.036386 0.3379233 -0.9411737
W -3.882252 1.084988 0.3081931 -0.9513238
W -3.913781 1.136037 0.2731262 -0.9619783
W -3.942227 1.188865 0.244468 -0.9696574
W -3.966536 1.24372 0.207065 -0.9783272
W -3.986861 1.300172 0.1719364 -0.9851081
W -4.003602 1.35779 0.1409085 -0.9900227
W -4.016997 1.416275 0.1123435 -0.9936695
W -4.02752 1.475345 0.0880325 -0.9961176
W -4.036093 1.517374 0.07411654 -0.9972496
W -4.042395 1.517989 0.06105715 -0.9981343
W -4.047655 1.518623 0.05234438 -0.9986291
_W -4.047655 1.518623 0.04624306 -0.9989302
_W -4.047655 1.518623 0.04537136 -0.9989702
_W -4.047655 1.518623 0.04537136 -0.9989702
_W -4.047655 1.518623 0.04537136 -0.9989702
_W -4.047655 1.518623 0.04624306 -0.9989302
_W -4.047655 1.518623 0.04798634 -0.998848
_W -4.047655 1.518623 0.04798634 -0.998848
_W -4.047655 1.518623 0.04798634 -0.998848
_W -4.047655 1.518623 0.04798634 -0.998848
_W -4.047655 1.518623 0.04798634 -0.998848
_W -4.047655 1.518623 0.04798634 -0.998848
_W -4.047655 1.518623 0.04711472 -0.9988895
_W -4.047655 1.518623 0.04537112 -0.9989702
_W -4.047655 1.518623 0.04188376 -0.9991225
_W -4.047655 1.518623 0.03752367 -0.9992958
_W -4.047655 1.518623 0.03490755 -0.9993905
_W -4.047655 1.518623 0.03141855 -0.9995064
_W -4.047655 1.518623 0.02967414 -0.9995596
_W -4.047655 1.518623 0.0288019 -0.9995852
_W -4.047655 1.518623 0.0279294 -0.9996099
E -4.047655 1.518623 0.0279294 -0.9996099
E -4.047655 1.518623 0.0279294 -0.9996099
E -4.047655 1.518623 0.02705712 -0.9996339
E -4.047655 1.518623 0.02618458 -0.9996572
E -4.047655 1.518623 0.02618458 -0.9996572
E -4.047655 1.518623 0.02618458 -0.9996572
E -4.047655 1.518623 0.02531226 -0.9996796
E -4.047655 1.518623 0.02443991 -0.9997013
E -4.047655 1.518623 0.02443991 -0.9997013
E -4.047655 1.518623 0.02443991 -0.9997013
E -4.047655 1.518623 0.02443991 -0.9997013
E -4.047655 1.518623 0.02443991 -0.9997013
E -4.047655 1.518623 0.02443991 -0.9997013
E -4.047655 1.518623 0.02443991 -0.9997013
E -4.047655 1.518623 0.02443991 -0.9997013
E -4.047655 1.518623 0.02443991 -0.9997013
E -4.047655 1.518623 0.02443991 -0.9997013
E -4.047655 1.518623 0.02443991 -0.9997013
E -4.047655 1.518623 0.02443991 -0.9997013
E -4.047655 1.518623 0.02443991 -0.9997013
E -4.047655 1.518623 0.02443991 -0.9997013
E -4.047655 1.518623 0.02443991 -0.9997013
E -4.047655 1.518623 0.02443991 -0.9997013
E -4.047655 1.518623 0.02443991 -0.9997013
E -4.047655 1.518623 0.02443991 -0.9997013
E -4.047655 1.518623 0.02443991 -0.9997013
E -4.047655 1.518623 0.02443991 -0.9997013
E -4.047655 1.518623 0.02443991 -0.9997013
E -4.047655 1.518623 0.02443991 -0.9997013
E -4.047655 1.518623 0.02443991 -0.9997013
E -4.047655 1.518623 0.02443991 -0.9997013
E -4.047655 1.518623 0.02443991 -0.9997013
_E -4.047655 1.518623 0.02531226 -0.9996796
_E -4.047655 1.518623 0.02531226 -0.9996796
_E -4.047655 1.518623 0.02531226 -0.9996796
_E -4.047655 1.518623 0.02705712 -0.9996339
_E -4.047655 1.518623 0.03665189 -0.9993281
_E -4.047655 1.518623 0.0523439 -0.9986291
_E -4.047655 1.518623 0.07672716 -0.9970521
_E -4.047655 1.518623 0.1036689 -0.9946119
_E -4.047655 1.518623 0.1443645 -0.9895246
_E -4.047655 1.518623 0.1899608 -0.9817917
_E -4.047655 1.518623 0.2402367 -0.9707143
_E -4.047655 1.518623 0.2973834 -0.9547582
_E -4.047655 1.518623 0.3754238 -0.9268532
_E -4.047655 1.518623 0.4391634 -0.8984072
_E -4.047655 1.518623 0.4962244 -0.8681943
_E -4.047655 1.518623 0.5483016 -0.8362807
_E -4.047655 1.518623 0.5983325 -0.8012479
_E -4.047655 1.518623 0.6327131 -0.7743862
_E -4.047655 1.518623 0.665889 -0.7460508
_E -4.047655 1.518623 0.6952929 -0.7187265
_E -4.047655 1.518623 0.7169173 -0.6971582
_E -4.047655 1.518623 0.7349212 -0.6781525
_E -4.047655 1.518623 0.7501175 -0.6613045
_E -4.047655 1.518623 0.76211 -0.6474476
_E -4.047655 1.518623 0.7705194 -0.6374167
_E -4.047655 1.518623 0.7787968 -0.6272763
_E -4.047655 1.518623 0.7831571 -0.621824
_E -4.047655 1.518623 0.7842412 -0.620456
_E -4.047655 1.518623 0.7842412 -0.620456
_E -4.047655 1.518623 0.7842412 -0.620456
_E -4.047655 1.518623 0.7842412 -0.620456
_E -4.047655 1.518623 0.7842412 -0.620456
_E -4.047655 1.518623 0.7842412 -0.620456
_E -4.047655 1.518623 0.7842412 -0.620456
_E -4.047655 1.518623 0.7842412 -0.620456
_E -4.047655 1.518623 0.7842412 -0.620456
_E -4.047655 1.518623 0.7842412 -0.620456
_E -4.047655 1.518623 0.7842412 -0.620456
_E -4.047655 1.518623 0.7842412 -0.620456
_E -4.047655 1.518623 0.7842412 -0.620456
_E -4.047655 1.518623 0.7831573 -0.6218236
_E -4.047655 1.518623 0.774399 -0.6326975
_E -4.047655 1.518623 0.7552885 -0.6553924
_E -4.047655 1.518623 0.7277799 -0.6858108
_E -4.047655 1.518623 0.694666 -0.7193325
_E -4.047655 1.518623 0.6547488 -0.7558466
_E -4.047655 1.518623 0.6046075 -0.7965235
_E -4.047655 1.518623 0.5461112 -0.8377126
_E -4.047655 1.518623 0.4586595 -0.8886121
_E -4.047655 1.518623 0.379467 -0.9252053
_E -4.047655 1.518623 0.3106879 -0.950512
_E -4.047655 1.518623 0.2487019 -0.9685801
_E -4.047655 1.518623 0.1968146 -0.9804407
_E -4.047655 1.518623 0.1504112 -0.9886236
_E -4.047655 1.518623 0.1140839 -0.9934711
_E -4.047655 1.518623 0.08716966 -0.9961935
_E -4.047655 1.518623 0.0697705 -0.9975631
_E -4.047655 1.518623 0.04799253 -0.9988477
_E -4.047655 1.518623 0.03840233 -0.9992624
_E -4.047655 1.518623 0.03753034 -0.9992955
_E -4.047655 1.518623 0.03753034 -0.9992955
_E -4.047655 1.518623 0.03578653 -0.9993595
_E -4.047655 1.518623 0.02793631 -0.9996097
_E -4.047655 1.518623 0.02095752 -0.9997804
_E -4.047655 1.518623 0.008741896 -0.9999618
_E -4.047655 1.518623 -1.583405E-05 1
_E -4.047655 1.518623 0.001729494 0.9999985
_E -4.047655 1.518623 0.001729494 0.9999985
E -4.047655 1.518623 0.001729494 0.9999985
E -4.047655 1.518623 0.001729494 0.9999985
E -4.047655 1.518623 0.001729494 0.9999985
E -4.047655 1.518623 0.001729494 0.9999985
E -4.047655 1.518623 0.001729494 0.9999985
E -4.047655 1.518623 0.001729494 0.9999985
E -4.047655 1.518623 0.001729494 0.9999985
E -4.047655 1.518623 0.001729494 0.9999985
E -4.047655 1.518623 0.001729494 0.9999985
E -4.047655 1.518623 0.001729494 0.9999985
E -4.047655 1.518623 0.001729494 0.9999985
E -4.047655 1.518623 0.001729494 0.9999985
E -4.047655 1.518623 0.001729494 0.9999985
E -4.047655 1.518623 0.001729494 0.9999985
E -4.047655 1.518623 0.001729494 0.9999985
E -4.047655 1.518623 0.001729494 0.9999985
E -4.047655 1.518623 0.001729494 0.9999985
E -4.047655 1.518623 0.001729494 0.9999985
E -4.047655 1.518623 0.001729494 0.9999985
E -4.047655 1.518623 0.001729494 0.9999985
E -4.047655 1.518623 0.001729494 0.9999985
E -4.047655 1.518623 0.001729494 0.9999985
E -4.047655 1.518623 0.001729494 0.9999985
E -4.047655 1.518623 0.001729494 0.9999985
E -4.047655 1.518623 0.001729494 0.9999985
E -4.047655 1.518623 0.001729494 0.9999985
E -4.047655 1.518623 0.001729494 0.9999985
E -4.047655 1.518623 0.001729494 0.9999985
E -4.047655 1.518623 0.001729494 0.9999985
E -4.047655 1.518623 0.001729494 0.9999985
E -4.047655 1.518623 0.001729494 0.9999985
E -4.047655 1.518623 0.001729494 0.9999985
E -4.047655 1.518623 0.001729494 0.9999985
_E -4.047655 1.518623 0.001729494 0.9999985
_E -4.047655 1.518623 0.001729494 0.9999985
_E -4.047655 1.518623 0.001729494 0.9999985
_E -4.047655 1.518623 0.001729494 0.9999985
_E -4.047655 1.518623 0.001729494 0.9999985
_E -4.047655 1.518623 0.001729494 0.9999985
_E -4.047655 1.518623 0.002633958 -0.9999965
_E -4.047655 1.518623 0.01659619 -0.9998623
_E -4.047655 1.518623 0.05496678 -0.9984882
_E -4.047655 1.518623 0.1054134 -0.9944285
_E -4.047655 1.518623 0.170227 -0.9854049
_E -4.047655 1.518623 0.2495523 -0.9683613
_E -4.047655 1.518623 0.3280596 -0.9446571
_E -4.047655 1.518623 0.4003659 -0.9163553
_E -4.047655 1.518623 0.4617652 -0.8870022
_E -4.047655 1.518623 0.5195351 -0.8544491
_E -4.047655 1.518623 0.5728769 -0.8196414
_E -4.047655 1.518623 0.6122326 -0.7906777
_E -4.047655 1.518623 0.6441383 -0.764909
_E -4.047655 1.518623 0.6652447 -0.7466254
_E -4.047655 1.518623 0.6807349 -0.7325299
_E -4.047655 1.518623 0.6965531 -0.7175053
_E -4.047655 1.518623 0.7157065 -0.6984012
_E -4.047655 1.518623 0.7449073 -0.667168
_E -4.047655 1.518623 0.7626815 -0.6467743
_E -4.047655 1.518623 0.7809887 -0.6245452
_E -4.047655 1.518623 0.7928345 -0.609437
_E -4.047655 1.518623 0.7981226 -0.602495
_E -4.047655 1.518623 0.8017882 -0.5976083
_E -4.047655 1.518623 0.8038695 -0.5948057
_E -4.047655 1.518623 0.8064573 -0.5912923
_E -4.047655 1.518623 0.8115868 -0.5842319
_E -4.047655 1.518623 0.81615 -0.5778401
_E -4.047655 1.518623 0.8171575 -0.5764145
_E -4.047655 1.518623 0.8171575 -0.5764145
_E -4.047655 1.518623 0.8171575 -0.5764145
_E -4.047655 1.518623 0.8171575 -0.5764145
_E -4.047655 1.518623 0.8171575 -0.5764145
_E -4.047655 1.518623 0.8171575 -0.5764145
_E -4.047655 1.518623 0.8171575 -0.5764145
_E -4.047655 1.518623 0.8171575 -0.5764145
_E -4.047655 1.518623 0.818664 -0.5742729
_E -4.047655 1.518623 0.821162 -0.5706952
_E -4.047655 1.518623 0.8251262 -0.5649485
_E -4.047655 1.518623 0.82905 -0.5591744
_E -4.047655 1.518623 0.8305112 -0.557002
_E -4.047655 1.518623 0.8305112 -0.557002
_E -4.047655 1.518623 0.8305112 -0.557002
_E -4.047655 1.518623 0.8300248 -0.5577265
_E -4.047655 1.518623 0.8231491 -0.5678253
_E -4.047655 1.518623 0.808517 -0.5884728
_E -4.047655 1.518623 0.7864102 -0.6177046
_E -4.047655 1.518623 0.7581491 -0.6520813
_E -4.047655 1.518623 0.7247889 -0.688971
_E -4.047655 1.518623 0.6788172 -0.7343073
_E -4.047655 1.518623 0.6387857 -0.7693847
_E -4.047655 1.518623 0.5948415 -0.803843
_E -4.047655 1.518623 0.5328964 -0.8461806
_E -4.047655 1.518623 0.4633171 -0.8861926
_E -4.047655 1.518623 0.3939637 -0.919126
_E -4.047655 1.518623 0.3106988 -0.9505084
_E -4.047655 1.518623 0.2385563 -0.9711286
_E -4.047655 1.518623 0.1685126 -0.9856995
_E -4.047655 1.518623 0.09326322 -0.9956415
_E -4.047655 1.518623 0.05671666 -0.9983903
_E -4.047655 1.518623 0.04015549 -0.9991934
_E -4.047655 1.518623 0.03666715 -0.9993275
_E -4.047655 1.518623 0.03666715 -0.9993275
E -4.047655 1.518623 0.03753915 -0.9992952
E -4.047655 1.518623 0.03753915 -0.9992952
E -4.047655 1.518623 0.03666691 -0.9993275
E -4.047655 1.518623 0.03317836 -0.9994495
E -4.047655 1.518623 0.02881691 -0.9995847
E -4.047655 1.518623 0.02445517 -0.9997009
E -4.047655 1.518623 0.01922051 -0.9998153
E -4.047655 1.518623 0.0166031 -0.9998622
E -4.047655 1.518623 0.0166031 -0.9998622
E -4.047655 1.518623 0.0166031 -0.9998622
E -4.047655 1.518623 0.0166031 -0.9998622
E -4.047655 1.518623 0.0166031 -0.9998622
E -4.047655 1.518623 0.0166031 -0.9998622
E -4.047655 1.518623 0.0166031 -0.9998622
E -4.047655 1.518623 0.0166031 -0.9998622
E -4.047655 1.518623 0.0166031 -0.9998622
E -4.047655 1.518623 0.0166031 -0.9998622
E -4.047655 1.518623 0.0166031 -0.9998622
E -4.047655 1.518623 0.0166031 -0.9998622
E -4.047655 1.518623 0.0166031 -0.9998622
E -4.047655 1.518623 0.0166031 -0.9998622
E -4.047655 1.518623 0.0166031 -0.9998622
E -4.047655 1.518623 0.0166031 -0.9998622
E -4.047655 1.518623 0.0166031 -0.9998622
E -4.047655 1.518623 0.0166031 -0.9998622
E -4.047655 1.518623 0.0166031 -0.9998622
E -4.047655 1.518623 0.0166031 -0.9998622
E -4.047655 1.518623 0.0166031 -0.9998622
E -4.047655 1.518623 0.0166031 -0.9998622
E -4.047655 1.518623 0.0166031 -0.9998622
E -4.047655 1.518623 0.0166031 -0.9998622
_E -4.047655 1.518623 0.0166031 -0.9998622
_E -4.047655 1.518623 0.0166031 -0.9998622
_E -4.047655 1.518623 0.0166031 -0.9998622
_E -4.047655 1.518623 0.0166031 -0.9998622
_E -4.047655 1.518623 0.0166031 -0.9998622
_E -4.047655 1.518623 0.0166031 -0.9998622
_E -4.047655 1.518623 0.0166031 -0.9998622
_E -4.047655 1.518623 0.0166031 -0.9998622
_E -4.047655 1.518623 0.0166031 -0.9998622
_E -4.047655 1.518623 0.0166031 -0.9998622
_E -4.047655 1.518623 0.0166031 -0.9998622
_E -4.047655 1.518623 0.0166031 -0.9998622
_E -4.047655 1.518623 0.0166031 -0.9998622
_E -4.047655 1.518623 0.0166031 -0.9998622
_E -4.047655 1.518623 0.0166031 -0.9998622
_E -4.047655 1.518623 0.0166031 -0.9998622
_E -4.047655 1.518623 0.0166031 -0.9998622
_E -4.047655 1.518623 0.02532775 -0.9996792
_E -4.047655 1.518623 0.1002111 -0.9949662
_E -4.047655 1.518623 0.2554682 -0.9668175
_E -4.047655 1.518623 0.4532337 -0.8913917
_E -4.047655 1.518623 0.6645963 -0.7472026
_E -4.047655 1.518623 0.8033515 -0.5955052
_E -4.047655 1.518623 0.8707967 -0.4916432
R -4.166653 1.427303 0.8968834 -0.4422671
R -4.282393 1.331886 0.9044653 -0.4265472
R -4.398464 1.236873 0.9037195 -0.4281251
R -4.514701 1.142063 0.9033456 -0.4289135
R -4.630939 1.047253 0.9033456 -0.4289135
R -4.747176 0.9524434 0.9033456 -0.4289135
R -4.863413 0.8576335 0.9033456 -0.4289135
R -4.97998 0.7632298 0.9025956 -0.4304894
R -5.097204 0.6696422 0.9010875 -0.4336374
R -5.216679 0.5789466 0.8957224 -0.4446136
R -5.339547 0.4929041 0.8870221 -0.4617269
R -5.467027 0.4138544 0.8737842 -0.4863138
R -5.600556 0.3455161 0.8531086 -0.5217333
R -5.739728 0.2895612 0.828563 -0.5598959
R -5.882058 0.2422069 0.8110781 -0.5849379
R -6.025729 0.1990957 0.8023115 -0.5969055
R -6.169549 0.1564863 0.8012686 -0.5983048
R -6.31337 0.1138769 0.8012686 -0.5983048
R -6.457191 0.07126753 0.8012686 -0.5983048
R -6.601012 0.02865814 0.8012686 -0.5983048
R -6.744833 -0.01395126 0.8012686 -0.5983048
R -6.888653 -0.05656065 0.8012686 -0.5983048
R -7.032474 -0.09917004 0.8012686 -0.5983048
R -7.176295 -0.1417794 0.8012686 -0.5983048
R -7.320116 -0.1843888 0.8012686 -0.5983048
R -7.464231 -0.2259932 0.7991753 -0.6010982
R -7.609385 -0.2638107 0.7912385 -0.6115077
R -7.75594 -0.2957725 0.7788064 -0.6272644
R -7.90366 -0.321827 0.7660602 -0.6427688
R -8.052236 -0.3424509 0.7541528 -0.6566989
R -8.201329 -0.3589183 0.7449103 -0.6671646
R -8.350711 -0.3725207 0.7384722 -0.674284
R -8.500307 -0.3835139 0.73256 -0.6807024
R -8.649922 -0.3942461 0.7319658 -0.6813414
R -8.799519 -0.4052394 0.73256 -0.6807024
R -8.949115 -0.4162326 0.73256 -0.6807024
R -9.098711 -0.4272259 0.73256 -0.6807024
R -9.248307 -0.4382192 0.73256 -0.6807024
R -9.397903 -0.4492125 0.73256 -0.6807024
R -9.5475 -0.4602057 0.73256 -0.6807024
R -9.697096 -0.471199 0.73256 -0.6807024
R -9.846847 -0.4798411 0.7271913 -0.6864349
R -9.996795 -0.4837754 0.7163199 -0.6977721
R -10.14678 -0.4819505 0.7027924 -0.711395
R -10.29663 -0.4751538 0.690901 -0.7229494
R -10.44625 -0.4644369 0.6813787 -0.731931
R -10.59574 -0.452154 0.6775374 -0.7354883
R -10.74515 -0.4388277 0.674966 -0.7378489
R -10.89456 -0.4255014 0.674966 -0.7378489
R -11.04396 -0.4121751 0.674966 -0.7378489
R -11.19337 -0.3988488 0.674966 -0.7378489
R -11.34277 -0.3855225 0.674966 -0.7378489
R -11.49218 -0.3721963 0.674966 -0.7378489
R -11.64159 -0.35887 0.674966 -0.7378489
R -11.79099 -0.3455437 0.674966 -0.7378489
R -11.94038 -0.3319567 0.6743218 -0.7384376
R -12.08953 -0.316025 0.6685016 -0.7437107
R -12.23825 -0.2964539 0.6593657 -0.7518224
R -12.38628 -0.2722212 0.6474754 -0.7620864
R -12.53347 -0.2433508 0.6354252 -0.7721625
R -12.68009 -0.2116599 0.627984 -0.7782263
R -12.82618 -0.1776702 0.6218527 -0.7831342
R -12.97179 -0.1416439 0.6163704 -0.7874563
R -13.11689 -0.1035881 0.6108577 -0.7917404
R -13.26136 -0.06325784 0.6046205 -0.7965137
R -13.4045 -0.01840948 0.592035 -0.8059123
R -13.54607 0.03115996 0.5785919 -0.8156172
R -13.6863 0.08441824 0.5678665 -0.8231207
R -13.82469 0.1422964 0.5541415 -0.8324226
R -13.96019 0.2066291 0.5343761 -0.8452468
R -14.09361 0.2751862 0.5210336 -0.8535361
R -14.22416 0.3490424 0.5037983 -0.8638213
R -14.3511 0.4289666 0.4833072 -0.8754508
R -14.47412 0.5147815 0.4625479 -0.8865944
R -14.59136 0.6083567 0.4336849 -0.9010646
R -14.7016 0.7100744 0.4011748 -0.9160015
R -14.80256 0.8210132 0.3608378 -0.9326286
R -14.89073 0.9423606 0.3090445 -0.9510476
R -14.96392 1.073295 0.2520973 -0.9677019
R -15.01793 1.213235 0.1831221 -0.9830902
_R -15.01793 1.213235 0.09500617 -0.9954767
_R -15.01793 1.213235 0.009628299 -0.9999537
_R -15.01793 1.213235 0.05492109 0.9984907
_R -15.01793 1.213235 0.1071028 0.994248
_R -15.01793 1.213235 0.1391442 0.9902721
_R -15.01793 1.213235 0.1538194 0.988099
_R -15.01793 1.213235 0.1538194 0.988099
_R -15.01793 1.213235 0.1512321 0.9884983
_R -15.01793 1.213235 0.1460543 0.9892766
_R -15.01793 1.213235 0.1374158 0.9905134
_R -15.01793 1.213235 0.1227066 0.992443
_R -15.01793 1.213235 0.1071029 0.994248
_R -15.01793 1.213235 0.09060361 0.995887
_R -15.01793 1.213235 0.07233886 0.9973801
_R -15.01793 1.213235 0.06014848 0.9981894
_R -15.01793 1.213235 0.05404979 0.9985383
_R -15.01793 1.213235 0.05317838 0.998585
_R -15.01793 1.213235 0.05317838 0.998585
_R -15.01793 1.213235 0.05317838 0.998585
_R -15.01793 1.213235 0.05230694 0.9986311
_R -15.01793 1.213235 0.05056394 0.9987208
_R -15.01793 1.213235 0.04620575 0.9989319
_R -15.01793 1.213235 0.04184666 0.9991241
_R -15.01793 1.213235 0.0383588 0.9992641
_R -15.01793 1.213235 0.0366147 0.9993294
_R -15.01793 1.213235 0.0357426 0.999361
_R -15.01793 1.213235 0.0357426 0.999361
_R -15.01793 1.213235 0.03312615 0.9994512
_R -15.01793 1.213235 0.03225395 0.9994797
_R -15.01793 1.213235 0.03225395 0.9994797
_R -15.01793 1.213235 0.03225395 0.9994797
_R -15.01793 1.213235 0.03225395 0.9994797
_R -15.01793 1.213235 0.03225395 0.9994797
_R -15.01793 1.213235 0.03225395 0.9994797
_R -15.01793 1.213235 0.03225395 0.9994797
_R -15.01793 1.213235 0.03225395 0.9994797
_R -15.01793 1.213235 0.03225395 0.9994797
_R -15.01793 1.213235 0.03225395 0.9994797
_R -15.01793 1.213235 0.03225395 0.9994797
_R -15.01793 1.213235 0.03225395 0.9994797
_R -15.01793 1.213235 0.03225395 0.9994797
_R -15.01793 1.213235 0.03225395 0.9994797
_R -15.01793 1.213235 0.03225395 0.9994797